"","glmGamPoi (Pb)","edgeR (Pb)","limma (Pb)","glmGamPoi (cell)","Nebula","Devil (base)","Devil (mixed)","glmGamPoi (fixed)"
"1",2.53304540393808e-22,0.988603835303086,9.91864915174935e-12,0.0804401005886626,0.11403192159239,0.0806422577243605,5.05047916821652e-21,NA
"2",0.00027903546345017,0.998615329430095,2.24517409493135e-07,0.0183022223480814,0.0238142704670803,0.0184582070157039,2.6474386604496e-38,NA
"3",0.00070219086502749,0.987892839343132,4.62363846515647e-07,0.104909821776013,0.115823379417207,0.105360459317445,1.42110453518284e-12,NA
"4",7.19290719187915e-10,0.996786888010897,8.51025539903011e-10,2.57993969978788e-42,2.92316135894112e-36,1.58878567698357e-41,0,NA
"5",8.43255372116111e-14,8.45087924535829e-06,5.00786895354262e-11,0.225437153831221,0.242882919625605,0.225292496230446,1.54779379735518e-28,NA
"6",8.11987576668574e-42,1.87737259274928e-11,1.42772405876447e-13,2.32700911392264e-14,1.77832303240603e-13,2.31054537270145e-14,0,NA
"7",1.12653693807776e-44,1.3476335549521e-11,2.80363495912247e-13,1.14688175324458e-17,7.74862152190696e-17,1.38826011391719e-17,4.62778520920099e-299,NA
"8",1.91731573284573e-114,0.999998734237728,1.87819429304909e-13,7.18095817304292e-148,4.60575253708218e-92,1.03077612924133e-149,0,NA
"9",1.65971485346714e-10,0.999997027758701,2.68323248503833e-09,2.85834316486705e-63,8.67580011478965e-48,1.43325189571696e-62,0,NA
"10",1.42526653337924e-36,2.99074687786623e-10,4.63416165355149e-13,3.45951720738867e-06,7.58150760800364e-06,3.52053378134338e-06,3.60889111072099e-197,NA
"11",0.942601967994009,0.999988419995609,0.831742411832012,5.57752227643616e-05,8.60480359714107e-05,6.06169951983527e-05,1.7373879025131e-22,NA
"12",7.55132700351551e-54,1.10742443462615e-11,1.09032195188808e-13,8.93459828243553e-89,8.28639130534377e-79,4.72783923330596e-84,0,NA
"13",1.094725164328e-25,1.87869517045552e-09,3.62179352748297e-12,7.16959770205766e-06,1.48695692898826e-05,7.02298791235974e-06,5.79472138077856e-120,NA
"14",6.33386120782844e-142,8.16129010747816e-07,8.7258354779829e-09,1.51551206292027e-07,3.04772585294889e-07,1.66840024670243e-07,1.42003145024611e-06,NA
"15",8.93914604542052e-33,8.48789733314596e-07,8.46505596560025e-13,4.94612983614379e-84,2.09043363492536e-69,3.92281491289605e-82,0,NA
"16",2.38508576287915e-66,3.71727649730467e-11,1.46068552576878e-14,9.55700610587735e-10,3.72570381768183e-08,9.41470301268315e-10,0,NA
"17",1.32324608812675e-05,0.432289457552308,1.06526536537957e-07,7.24948711494613e-18,9.58266056889231e-17,1.70060539235034e-17,1.32936045377255e-119,NA
"18",9.45486906193063e-05,0.99999763917138,1.91593546724803e-07,7.4691442383462e-38,5.1671791700401e-31,2.11421790669902e-37,0,NA
"19",2.10127014103592e-21,2.36082660547139e-09,7.0232760166775e-12,6.19962111141186e-05,9.79484592276351e-05,6.12780180937247e-05,7.6487747705423e-276,NA
"20",0.000400464371437156,0.996920269835858,1.81784159649554e-06,9.77958094666557e-08,1.21400861878613e-07,7.9863471788521e-08,5.13276575615965e-102,NA
"21",0.00166852167034998,0.997165722537193,2.79792911435792e-06,0.0285496718514046,0.034058124883989,0.0287192730811886,2.30448769637961e-12,NA
"22",1.42552444689848e-137,2.92824614285704e-14,3.12610806297941e-16,1.32065361266724e-131,3.97154647382003e-121,1.56761288902574e-130,0,NA
"23",0.00103994240985397,0.996986036250574,6.64665481257519e-07,8.09314490509291e-17,1.37065916193528e-15,1.75885321472072e-16,2.99849831562304e-273,NA
"24",0.000298215742005823,0.973844988194273,3.5893592236159e-07,0.142517255992755,0.155123601719461,0.142478536470767,1.18334615578418e-08,NA
"25",0.0172131354672366,0.989487613083327,3.65966114541465e-05,0.089512702663234,0.0962424835328827,0.0899589358501475,5.51358304616585e-11,NA
"26",8.31409400823844e-45,2.76872925575844e-11,8.32185509248936e-14,6.5039727240884e-55,1.19241032485464e-51,9.73311863640455e-55,0,NA
"27",0.932860025494759,0.999999244576652,0.834505689447468,0.000275859066016459,0.000325465213971935,0.00025933714673287,4.55745202826215e-35,NA
"28",7.51005090097196e-06,0.997908508005653,8.97657920463464e-09,0.0377177994618999,0.0483130391685681,0.0379601137668853,0,NA
"29",1.86079447117647e-05,0.740546485365744,4.3670589244443e-08,0.423941482989781,0.438097357682194,0.423494290379619,7.97141449560529e-07,NA
"30",1.17895076616042e-306,3.42236632020961e-10,8.39612139299483e-15,6.32755667786904e-196,4.24482574460373e-147,4.05659321077215e-199,0,NA
"31",0.0019028763257998,0.738064168156712,7.71949158316922e-06,0.409584645592876,0.418324394110234,0.409389649804867,0.0514118041488606,NA
"32",0.300754924636378,0.999999777552293,0.0048644547517386,1.65265283075385e-16,1.30219176316476e-14,2.3046775719229e-16,0,NA
"33",0.00178571024738602,0.999999001582318,9.2565117728873e-07,9.18247759146148e-21,1.34681712297491e-18,9.54635269978858e-21,0,NA
"34",4.9445588221799e-17,2.34588984353775e-06,4.03957819134386e-11,2.13466051479498e-44,8.69679469061245e-40,3.35238853670161e-43,0,NA
"35",2.65551216577249e-07,0.811955200628771,1.06097273854123e-08,8.75077993662778e-26,1.47834059439188e-23,3.22394678375043e-25,1.66622111525981e-261,NA
"36",0.143962445657346,0.999997234836826,0.000714103766482569,1.30378365021302e-07,6.15773475768097e-07,1.46113907626657e-07,1.48960417281956e-92,NA
"37",0.302870378068281,0.999933578446672,0.0101629365606162,7.97369523119066e-08,1.88772096508669e-07,9.62601593169527e-08,2.1241291631311e-116,NA
"38",0.00240608429078435,0.9999352180605,1.65551985491835e-06,0.000392523429977565,0.000747784746381448,0.000402264772514374,3.49259239746626e-31,NA
"39",3.60160939936569e-09,0.999016430559575,2.29061005798143e-09,0.00822857098671593,0.0145918117116535,0.00827268647465411,3.50141172660704e-29,NA
"40",0.000166583385161023,0.999993742130341,1.2637361882163e-07,1.26820696338901e-30,3.09362305521277e-26,3.25950833207211e-30,0,NA
"41",0.0145626268770773,0.999999922059119,1.208904585136e-05,3.68293659253491e-25,2.04534238538271e-21,3.69139710406049e-25,0,NA
"42",1.76565965488726e-23,0.999999773424489,2.24935281591281e-10,2.14716301148578e-12,3.21551157828663e-09,2.03314544715629e-12,4.17382689901667e-140,NA
"43",2.7658074533505e-61,1.27524459418774e-12,5.23605783912435e-14,2.1793559711432e-27,4.03968713149155e-26,4.87962528093957e-27,0,NA
"44",2.61226357047146e-08,0.999997623948818,4.9761272167645e-09,2.1334494849974e-07,3.28756782919717e-06,2.16700750254798e-07,3.32171396661869e-131,NA
"45",0.000200444420550076,0.999890356130916,1.18581363429263e-07,0.000875837305594555,0.00172838653943419,0.000894453648014194,1.60344549411652e-69,NA
"46",0.00203996320704869,0.999941478001953,4.20709296232114e-07,0.000822300030121119,0.00147784553731377,0.000840721438338977,0,NA
"47",0.387935019925154,0.999927170332481,0.0204598433223969,3.9485343429811e-06,6.51736023096038e-06,4.43391733982922e-06,0,NA
"48",2.30443961875789e-298,8.57101558482642e-15,5.25230789661063e-17,3.64835984157679e-153,6.91297309454353e-145,1.68148255465106e-158,0,NA
"49",9.91772462230561e-45,6.70692205753053e-11,3.50135670971266e-13,4.73065355356648e-13,3.22587690114297e-12,4.87444142245571e-13,6.66108775751874e-115,NA
"50",0.021477454493623,0.995800787958896,4.2953782063752e-05,2.48929031767134e-10,8.09603507767392e-10,3.56570092760502e-10,1.27739998950326e-95,NA
"51",5.03839291124865e-08,0.0232968720641462,6.05490920557831e-09,0.901021469263318,0.903934631197086,0.90100215552571,0.637635922664557,NA
"52",9.25023278326155e-11,0.000757678988751334,1.28221287875549e-09,0.49747316458379,0.511728243217222,0.49776190669562,0.0133159273105953,NA
"53",7.36098960739989e-18,0.986436754623698,5.23637486801282e-11,0.0629022221712312,0.0924773985580355,0.0630512114385382,5.57077140797682e-18,NA
"54",2.07470454915608e-26,3.02936174574434e-05,4.08922376010739e-11,6.10878144512211e-55,1.32745168302741e-48,1.52050683327398e-54,8.5394190795882e-233,NA
"55",0.829733835496933,0.999999305799458,0.489523247128126,3.66635874242728e-08,1.39123953691316e-07,4.23970863953923e-08,5.51632364868188e-261,NA
"56",6.3738660517459e-72,1.05615335266171e-11,9.10163237164516e-14,1.00059882302327e-22,4.76850062320863e-21,1.17247704267242e-22,3.70171586428612e-137,NA
"57",0.000984051189904971,0.999814547021057,3.12898502275832e-07,0.00406403866815279,0.00601599139955882,0.00410710270668996,1.35917451498804e-82,NA
"58",1.60022546251513e-15,0.999968489575407,7.13614138975152e-11,0.000255906691361983,0.00112309230632403,0.00025715507589199,4.93974460568745e-303,NA
"59",5.98432651358854e-34,0.999999801328591,2.05298077582439e-11,1.61238423490745e-08,7.83730157106676e-07,1.53685827071568e-08,0,NA
"60",0,3.01821117237534e-14,2.18648628356318e-16,1.6530582153159e-50,6.07969300463889e-45,3.28948956383879e-50,0,NA
"61",8.7936209251586e-05,0.999999987044198,9.21964943696049e-07,6.08745684496235e-48,1.86589943337696e-35,5.1644401299016e-48,0,NA
"62",0.0511848523395924,0.994351327647066,0.000400908572585713,0.0321859874637375,0.0362283777507025,0.0324415960703353,2.35708183063745e-06,NA
"63",0.831993477505369,0.999998716595441,0.531185810412047,1.65340012918181e-08,5.92307309390516e-08,1.88905626410122e-08,1.08054721808244e-104,NA
"64",0.911380237611859,0.999999720121882,0.71368432945061,2.32255492077913e-07,6.21510850790857e-07,2.49030901154637e-07,7.6313458145741e-135,NA
"65",3.1217403301062e-27,7.14754527357757e-09,1.42617003502098e-12,0.000755802701329398,0.00146420097577574,0.000747385365439014,5.40438982476238e-58,NA
"66",0,2.23927416311886e-17,1.56405817068966e-19,1.72360714832988e-152,5.84054792261688e-133,5.79145610529802e-152,0,NA
"67",3.16830282760071e-90,6.27350488512028e-11,1.14646091029852e-14,9.27817988882564e-10,9.2944695083181e-08,9.13481333218439e-10,1.12269879656894e-91,NA
"68",7.41004599707904e-60,6.40671189144236e-11,3.17586343595669e-14,6.22244142996417e-09,1.10528129070599e-07,6.09764587363766e-09,0,NA
"69",5.68057260530575e-127,3.69000396063448e-12,1.71502639966563e-15,3.29524297410012e-14,9.46617777893111e-12,3.42527689153853e-14,0,NA
"70",8.27729733586801e-51,1.60173077422679e-11,8.80454365555235e-14,2.57792983590266e-14,2.26353980595678e-13,2.68932895605724e-14,2.29438017852309e-203,NA
"71",0.0187980497059367,0.999998733177112,9.93304993744366e-06,4.71447218325796e-06,1.32963053646172e-05,4.72185382244465e-06,5.23141550852755e-165,NA
"72",5.9857333487592e-12,6.01338736873633e-07,5.99010504559371e-10,0.0186241074114356,0.0213252456442879,0.0185476081982679,3.16862800289956e-18,NA
"73",1.33536811993671e-05,0.995817339887214,5.54280190124262e-08,0.0358660070981573,0.0454762902762916,0.0361030683872974,4.58796790628492e-14,NA
"74",2.95361659277299e-05,0.220640890559984,7.0196817552332e-07,2.12468423204183e-16,2.06977132047341e-15,5.2951800832346e-16,1.12089349005679e-65,NA
"75",4.40828807128173e-162,1.0703916727891e-13,6.33211869551634e-16,1.605426556528e-33,5.47063429275688e-30,2.43097972405266e-33,0,NA
"76",8.48200900829933e-15,0.99935787524067,8.09322642404568e-11,1.17984588924066e-53,1.48977578885949e-44,3.53131900322877e-53,0,NA
"77",0.589785473162543,0.999999543463976,0.0843849495818464,3.03754854430219e-08,1.2728316230952e-07,3.49225621515931e-08,0,NA
"78",6.5324040219152e-08,0.894336607865768,1.83063624433173e-09,0.273189424788074,0.296334130372295,0.273384847956173,1.29407779307076e-16,NA
"79",0.0938991476678909,0.999793943303519,0.000282008052938423,1.73676799680252e-09,5.37353821580237e-09,2.27658038439676e-09,2.69491771434748e-259,NA
"80",0.867262866224992,0.999999999270308,0.678798537581671,1.13644305038614e-30,2.05874205126386e-23,1.08311007501447e-30,0,NA
"81",4.54512266725949e-08,0.999999961367861,2.82318987974937e-08,7.35463515987728e-37,4.44565897473117e-30,4.37596792124699e-37,0,NA
"82",2.24413713749238e-48,0.000413226945915126,4.56351232946597e-13,0.763567050608129,0.795705205640906,0.76352377488536,0.0729860000464781,NA
"83",6.19646676611747e-22,0.0305098515979259,1.57245487949544e-11,3.66206022815056e-65,1.6329757493779e-54,8.56000218030752e-64,0,NA
"84",0.410353446945481,0.999999469628736,0.0280937098236326,3.16948106042126e-11,5.86872117591509e-10,3.7698072458044e-11,1.06647662989772e-196,NA
"85",4.17101606471803e-11,1.48696226601296e-05,2.7857785693823e-10,0.194347625951601,0.209147460943596,0.193812383975041,2.00130153728281e-86,NA
"86",2.72147935700151e-35,4.14167712445757e-11,1.63651777862119e-12,2.61557480652223e-35,2.48997785690986e-34,4.51262126651404e-35,0,NA
"87",5.02323861086369e-06,0.347065873813559,9.41550151721043e-08,0.659349536906216,0.668428185769739,0.659370275406443,0.225859851785528,NA
"88",2.59486218607982e-59,1.04225420942449e-10,8.0079690286663e-14,1.89622304392177e-10,5.35869877236286e-09,1.82785373346171e-10,2.25637435159292e-95,NA
"89",3.2340287011641e-12,0.988765464809712,1.38950074726768e-10,3.09330711706102e-45,7.78035517422027e-39,1.64051120803023e-44,0,NA
"90",4.46698137726283e-67,2.02723005115292e-10,4.49323749693156e-14,7.74774567355913e-08,1.36383528650189e-06,7.6341656286978e-08,3.49963216632059e-57,NA
"91",8.33414504033584e-19,0.999985652306431,1.22463153185333e-10,3.40848400232329e-73,1.81549242684119e-55,1.71698993310406e-72,0,NA
"92",0.349874018751374,0.999988970308919,0.0146335830863886,1.64406625888405e-05,3.24180210091811e-05,1.74397428374734e-05,2.42268300596811e-90,NA
"93",3.15335565967524e-15,4.81072410107122e-07,9.26644850986239e-11,0.022887664026082,0.0277501502783916,0.0227561885895708,4.25894972555251e-16,NA
"94",1.88738965542783e-07,0.840231527537592,1.18648810531782e-08,1.25146178045815e-27,4.87464268242022e-25,4.92643730431412e-27,0,NA
"95",0.155504246000875,0.999999305396315,0.00117392009682709,7.98573652320177e-11,1.69432125568595e-09,9.34895045059978e-11,1.09812051394775e-144,NA
"96",0.0739519901618586,0.999999928317422,0.000129297407376571,9.85130518095616e-26,1.65774364942276e-21,1.5626798200836e-25,0,NA
"97",1.61874450834031e-54,1.09681936106964e-11,4.78968545918662e-14,2.67170838026465e-15,4.45223160333319e-14,2.77739265269271e-15,1.07545614926878e-194,NA
"98",1.74122212694274e-18,1.4449678424404e-08,8.05623165746607e-11,3.96591361565261e-05,5.78499955274478e-05,3.89899345411477e-05,1.62679121990703e-46,NA
"99",6.15670356724897e-56,4.02342005166218e-09,8.11620463005578e-13,2.4648721304199e-06,1.74177664938894e-05,2.55773118781118e-06,4.25423414431439e-33,NA
"100",0.230081778219852,0.999949822676416,0.00334646105518918,0.000561296116622897,0.000800634059948105,0.000578801931904358,2.22843451096862e-65,NA
"101",1.24985697754084e-19,2.2822504133762e-08,1.0640282474405e-11,4.4858237575255e-43,3.20298198591616e-39,8.66283433328419e-42,0,NA
"102",0.622228065595237,0.999994880225924,0.123058572755808,6.5100227469188e-05,0.00010148685390443,6.80689322393889e-05,0,NA
"103",2.01464192178459e-210,8.44067846123061e-12,1.1059255809597e-14,3.44755140938544e-78,1.39441041703224e-74,4.2189904029126e-81,0,NA
"104",0.587271245537576,0.999999027874395,0.0954405308651347,1.48927800808451e-08,7.39058158189311e-08,1.71935455613383e-08,0,NA
"105",1.61576675049208e-39,3.13899168015719e-11,1.34008872050366e-13,4.84260227336973e-11,2.32733352991748e-10,5.09498262378303e-11,0,NA
"106",1.18758470464737e-185,1.34882858166858e-15,5.62973087920687e-17,9.77055898735503e-89,3.65760638572366e-82,7.71334709851729e-86,0,NA
"107",6.09229194293815e-58,3.35570948592531e-11,6.28543912003273e-14,2.17603161953711e-13,6.30231312776914e-12,2.12074060072026e-13,1.999957250171e-240,NA
"108",7.98665078689926e-09,0.999995665086855,1.91179856996218e-09,6.02107070885588e-42,6.37460463332393e-35,9.14691683836786e-42,0,NA
"109",2.41267361969796e-24,0.0197376647154867,4.13155425490972e-12,1.94257215777965e-73,3.4134002206672e-60,8.49037258647411e-72,0,NA
"110",1.51764376153253e-24,0.996772400431863,6.95327244120143e-12,5.95253138251585e-80,2.81858150002781e-62,3.7590737448305e-79,0,NA
"111",1.69884064976565e-22,7.58639119016901e-09,9.18001271250048e-12,8.24811068684463e-49,4.43243014084408e-44,5.37296587578989e-47,0,NA
"112",0.0710536820351838,0.998799888231743,0.000709417547924071,0.020053541569572,0.0224444134126262,0.0200876062962028,3.50322285670933e-12,NA
"113",0.23190547099325,0.999988758741471,0.00372927002007429,0.000198269347593213,0.000293678051323846,0.000199817265232214,4.44913507096543e-85,NA
"114",6.3804124589244e-17,9.30602085170283e-09,2.82007993370668e-11,0.000589812250336981,0.000796846233360699,0.000582269954402414,2.70425132519856e-221,NA
"115",3.18054435762964e-07,0.999897655648355,2.75285995711589e-08,5.88428559851276e-05,8.42042190332364e-05,6.03197178918606e-05,1.28680862954282e-20,NA
"116",3.28308805067929e-10,2.50654528233938e-05,1.80408367561638e-09,0.15290855737817,0.163733721415247,0.152527781406215,9.14551354281714e-08,NA
"117",9.03079658889938e-12,0.999973969692922,4.51217014139636e-09,1.19611389799067e-06,1.90619507358345e-05,1.21636494510164e-06,1.42266114075986e-28,NA
"118",0.00067789923088539,0.999999996594472,2.31773371803737e-05,6.12382128097903e-30,2.39753703826521e-21,4.54923760358452e-30,0,NA
"119",1.8908763016463e-06,0.138566752578919,1.24884693888138e-08,0.847083582545463,0.851111167040985,0.847315811555547,0.158532486425295,NA
"120",5.93518987159752e-11,1.32008452334524e-06,4.12624636282939e-10,0.0629566642689096,0.0692030092746834,0.0628605006840121,1.45369697416693e-48,NA
"121",2.52017457969707e-08,0.99846631658881,2.78833383901248e-08,0.00476610832319508,0.00868562193126259,0.00479132882355486,5.18221908741128e-15,NA
"122",0.180927409046742,0.999990020434524,0.000962532653495568,2.17506814244748e-11,1.374077576156e-10,2.885159357668e-11,0,NA
"123",2.74570916445547e-138,6.84483609330844e-13,7.26919471615773e-16,4.06941933460748e-20,9.89277160951211e-17,4.34421728388093e-20,0,NA
"124",3.46293651946554e-314,1.26059820447413e-15,1.72614747198919e-17,1.37197538909181e-99,2.4560383140284e-104,4.36018448123818e-108,0,NA
"125",0.00405969670914738,0.991556982011419,3.37559407366164e-06,3.73643886188888e-13,2.26319381939387e-12,6.53277940358029e-13,0,NA
"126",1.45624492471363e-17,1.34636776752585e-07,2.13473505877446e-11,0.0140259014933917,0.0180207380595601,0.0140988155564176,2.15423405868721e-65,NA
"127",1.35383128984295e-13,0.99589219130531,5.00011004232235e-10,0.0273704316668984,0.0425406722613175,0.0276021225416811,1.33493768947937e-23,NA
"128",0.000219517939788586,0.999999944981884,2.90165353418306e-06,2.14531991393802e-47,2.82725016619344e-35,2.25221959613881e-47,0,NA
"129",3.17878709601556e-22,8.46319613322069e-09,4.02658927921271e-12,0.000794181517100352,0.00129179996566189,0.00078450571406118,5.8032843488036e-130,NA
"130",1.21838949683385e-06,0.269173905336096,6.60593245209981e-06,1.87266691699769e-06,1.68471540293321e-06,1.41377954232546e-06,1.43865454887715e-19,NA
"131",0.534802779925425,0.999989401306212,0.0897677625430651,4.9775292518818e-06,1.07939201439343e-05,5.41358275625187e-06,1.60111828989167e-45,NA
"132",0.411629327147017,0.999999626620589,0.0220612865628658,7.16945304251762e-15,2.7866069900367e-13,9.35792066483372e-15,0,NA
"133",9.41867587267632e-21,0.00425696597477093,1.4908376007938e-11,0.902121860605391,0.910070548329816,0.902110657073863,0.628450436480164,NA
"134",3.18224066160437e-66,4.52376597338324e-05,9.17534727435328e-14,8.78844742535708e-128,2.25768088265344e-95,1.15902959303107e-126,0,NA
"135",1.28768551092256e-82,8.07692949889001e-12,3.06052967476731e-14,2.55957851041859e-22,1.15795637123451e-19,2.64199150355771e-22,7.94036799104097e-104,NA
"136",0.370263412491995,0.999999997172757,0.0620163986605177,1.58337086253016e-42,4.41955575494774e-30,1.43316465920483e-42,0,NA
"137",1.76539938353418e-90,2.7902217059904e-11,2.25782460965642e-14,1.3759533826525e-14,2.3920534471819e-12,1.55430467463273e-14,2.12391334542506e-171,NA
"138",0.982751389224998,0.999999995141651,0.956076648424454,3.95623408369886e-17,1.13977820693757e-14,4.89033636358052e-17,0,NA
"139",0.0227179870529982,0.999999193511109,9.71344464193688e-06,1.75275277107728e-23,2.59500282307873e-20,3.26904675479272e-23,0,NA
"140",2.05745460672309e-24,4.19203555060234e-06,3.47672400578421e-12,0.177397139139811,0.213715053584756,0.177192856964885,7.33834047945746e-14,NA
"141",5.70422177338651e-07,0.989522636972659,3.0857037905087e-09,0.110723367669359,0.128460558079516,0.110946863444226,2.50414636587616e-107,NA
"142",2.97282166581787e-86,0.0141855420213084,1.37092164598155e-13,9.40461682755006e-126,5.54337522288105e-93,2.05792223503548e-126,0,NA
"143",0.00298548133825284,0.998996087545241,9.43711236899421e-07,0.022559751443471,0.027566028299842,0.0227434205543404,7.94638869401351e-94,NA
"144",4.42883047502846e-168,1.90797445706085e-13,2.53328208162937e-16,1.55711641386724e-16,1.49345359549927e-14,1.80478984614103e-16,0,NA
"145",0,3.73506355251231e-16,2.8326744092362e-17,8.9554752790311e-111,3.59367416321108e-132,2.44541284827245e-133,0,NA
"146",8.13622029468597e-17,0.000190324962710647,1.07091432589444e-09,0.189854280384092,0.214543469507896,0.189597160745146,0.0338502536202308,NA
"147",0.0173679339953561,0.999999899769921,1.09082057710718e-05,6.57634740037616e-30,1.27395575953722e-24,1.0019635931446e-29,0,NA
"148",2.7102759695091e-29,1.07708953891191e-09,1.10591992643011e-12,9.02975804172814e-06,2.27173543947865e-05,8.83567208020737e-06,1.78582331643971e-129,NA
"149",0.000487322759337107,0.999982319582114,1.44353727313425e-07,2.72378893432112e-25,2.55218877861288e-22,5.99364166185947e-25,0,NA
"150",2.99615458627795e-16,0.135145722796008,1.19561788367489e-10,2.01428303287084e-51,2.70915645241384e-44,2.76316547210552e-50,0,NA
"151",1.67255997946752e-11,0.0852014069583808,1.42001019885873e-09,0.850507540983786,0.857936747605811,0.850515259046737,0.661429778692899,NA
"152",0.000289217767351617,0.999945953846579,4.74400921346072e-07,0.000685340847849601,0.00122960494509343,0.00068923934089069,3.53082603400201e-27,NA
"153",2.39661686183283e-14,1.61914938535231e-05,3.48580563511697e-11,0.255994353454935,0.279053674414543,0.255615609989926,1.44692803322214e-31,NA
"154",0.0143176629295513,0.999991243879993,2.83712563563591e-05,3.31560587711325e-21,9.73673949645393e-19,6.31764936461376e-21,7.10573649704171e-245,NA
"155",0.455333514157465,0.999999274388616,0.0342122408008504,3.78355219375344e-14,1.11550872819823e-12,5.23581369917067e-14,5.26214996317234e-273,NA
"156",0.918713025790331,0.99999997318462,0.752882150789198,1.34765678127607e-13,4.40916073130399e-12,1.56183015459312e-13,0,NA
"157",0.850661588294386,0.999999127971805,0.529371860307899,2.93730161205346e-07,8.30607986883729e-07,3.36311391345287e-07,7.06261929638068e-250,NA
"158",6.5477924608641e-15,0.999998791041072,2.298047753574e-10,2.88799817540589e-54,3.62789114521347e-43,2.47732267116972e-54,0,NA
"159",0.0106827201641112,0.999896550264717,5.09607400684218e-06,8.2611745924306e-16,1.4717328456742e-14,1.39288303757917e-15,0,NA
"160",0,4.56049335402816e-12,1.0239439660455e-14,3.46902296185521e-131,1.29946293232629e-125,1.17130368540809e-137,0,NA
"161",0.603223008156075,0.999999332585182,0.13502629323191,1.06192509159642e-09,7.98185120878494e-09,1.21482621980251e-09,7.0433257077795e-132,NA
"162",1.30722585721421e-116,1.55879860653686e-10,3.73140407414238e-15,1.17671055736941e-125,3.40274226043495e-102,1.56831410121502e-126,0,NA
"163",1.65514733728246e-35,2.64461768225598e-10,3.40737721615974e-13,1.79680444820224e-05,3.55793021968925e-05,1.82254045134534e-05,1.18111611493811e-149,NA
"164",0.0147219512191055,0.999999437358112,6.0897410766114e-06,4.57517708431652e-08,3.31866335077849e-07,4.72320471880496e-08,0,NA
"165",0.486840907757441,0.99999944663938,0.0521669719050931,2.27441161909958e-12,2.77622877834517e-11,2.55696366912321e-12,2.10486392022015e-241,NA
"166",0.00228934870611776,0.99999999991251,4.27268076342412e-05,1.04119843966972e-70,1.04630523752874e-42,7.6591199340167e-72,0,NA
"167",3.05018429744793e-23,0.905465111609553,6.08854802364222e-11,0.10534199427419,0.153378831658965,0.105471675296458,2.30523614763551e-05,NA
"168",0.000150290880869533,0.990557897809822,1.98732683809545e-07,0.127714904174273,0.138110525708275,0.127669684542124,1.23870804823056e-09,NA
"169",3.04362045381435e-06,0.999355659895434,6.3796961223297e-09,0.0183367364434965,0.0254826427449555,0.018404692035911,8.79601222966374e-115,NA
"170",6.70568763633693e-07,0.00263778977534747,1.58353367541335e-08,8.49278516093232e-18,8.32830837445788e-17,2.08043526961613e-17,0,NA
"171",3.70458501748635e-34,1.97003612146011e-09,1.50710089456624e-11,3.04118380180679e-27,3.51167919696347e-27,7.4676857789342e-28,4.90880328782173e-194,NA
"172",0,6.18902794156137e-16,3.19686502947167e-18,6.10352062548439e-93,2.98054106704831e-75,1.90835149278859e-92,0,NA
"173",0.907821649724536,0.999999975414021,0.71695904830798,4.16002355580586e-15,3.22544556358514e-13,5.30313584145791e-15,0,NA
"174",2.39406519871921e-17,1.71441962784818e-07,3.16225703035233e-10,0.000807719797598578,0.00112132298743485,0.000793376941859157,5.01875031319839e-13,NA
"175",2.03111339841296e-25,0.791976478820959,3.96362290930636e-12,0.293162267938612,0.339065621924234,0.293307207069368,3.66950370583484e-13,NA
"176",0.00012979155396429,0.964909359047284,8.84409379600336e-08,0.181903451098999,0.196744760718199,0.181933106692948,1.52587397085857e-15,NA
"177",1.42230356365508e-05,0.961793686761218,2.51074684319231e-08,0.180633294830745,0.197652140409628,0.180804470839134,1.1726576483182e-11,NA
"178",5.74489112975724e-05,0.999151689514404,1.0873948438014e-07,0.00914530995092619,0.0132369494603876,0.00923969299803909,1.02046052510061e-16,NA
"179",5.61777480433748e-15,6.70376225391613e-07,6.6345687685999e-11,0.040085293702184,0.0474191542787151,0.0399192223825119,7.97661202366762e-18,NA
"180",1.89506604695958e-07,0.999979275829845,7.36785656494495e-09,3.16339496534107e-05,0.000147283238858375,3.23007343445951e-05,1.48071185610127e-69,NA
"181",1.48237340648967e-25,2.68968508767661e-06,3.40052126422523e-12,1.11051219236477e-63,7.21801411511472e-55,2.07436176400819e-62,0,NA
"182",2.77506714388855e-41,1.00880734917903e-10,6.67275539003195e-13,3.76465222002889e-11,1.36864444842629e-10,3.90007452463725e-11,7.0028060187552e-94,NA
"183",0.649441619011392,0.999999993618905,0.207971825145747,3.11303005942669e-28,3.67452257890485e-22,4.29516306541205e-28,0,NA
"184",3.36934333007092e-74,4.41093022555718e-11,3.91256181447094e-14,9.75530818746784e-14,1.03454728298488e-11,9.49795663174152e-14,7.11522457727289e-148,NA
"185",2.28836193377488e-46,2.79526573003395e-10,4.19099612195121e-13,9.52834676889786e-11,1.11840495808687e-09,9.22603109952782e-11,1.62751084696834e-72,NA
"186",1.35799901260179e-06,0.597022181244873,1.94636453664194e-08,0.532614560709634,0.544262744809412,0.532225608603568,0.00264093982046857,NA
"187",4.69557308769647e-23,0.16689539133636,1.68341712128652e-11,0.587507818578197,0.623536106679372,0.587752918023355,0.00587481748101107,NA
"188",4.31291558690785e-13,3.28740916259749e-06,2.80270107504518e-10,0.0755377300515991,0.0848623412927209,0.0752483504102445,1.48067254638316e-13,NA
"189",0.304335739427921,0.999989801958559,0.00519387473101132,5.55678039334114e-05,9.84126620981366e-05,5.90040714984301e-05,0,NA
"190",0.0811540276590791,0.999585896293383,0.00107297394792269,2.2713621800048e-10,8.51349466986632e-10,2.87491722025797e-10,6.46897742365631e-56,NA
"191",0.0234902551678766,0.999982931307074,1.11874723132699e-05,3.01184917098697e-17,1.25633447573382e-15,5.30900480633722e-17,0,NA
"192",3.12560805046472e-61,1.34712349251208e-11,4.05424277064342e-14,1.17337054313011e-16,6.40736182976971e-15,1.172473935282e-16,4.90248246240837e-139,NA
"193",1.15058843463038e-06,0.986571232808086,1.5034665565805e-08,0.0829248849595547,0.0988627514363351,0.0834948706869186,5.4345501088579e-11,NA
"194",1.00360252923979e-11,0.0184611806771214,1.69351175473303e-10,2.77743430277372e-36,1.43293835364008e-32,1.67000790977112e-35,0,NA
"195",1.98443074274014e-09,0.999999885079862,1.93475115278442e-08,1.97450943226467e-14,4.061466785271e-11,1.91670520083993e-14,4.94382247662078e-191,NA
"196",1.34475873734336e-05,0.999999814238558,4.98624345436343e-08,1.69951691358468e-12,5.47260185298785e-10,1.88386655127686e-12,0,NA
"197",5.10705235576379e-07,0.999996876849437,7.37511185659419e-09,1.06450612365638e-06,9.72512614919944e-06,1.11545765795353e-06,1.1473575905187e-156,NA
"198",0,1.14647753182716e-14,4.28074154066459e-19,3.69507878215042e-73,1.4244639958838e-77,1.98723485409707e-81,0,NA
"199",1.50701986744197e-05,0.999990575374891,1.43085954896083e-07,1.24789000248276e-06,8.7659035929948e-06,1.31502983330899e-06,2.03366302940975e-66,NA
"200",1.1935643218173e-07,0.992472149567196,4.12786143348426e-09,0.0629910714175106,0.0790780979961091,0.0634769358309829,2.72845621701796e-12,NA
"201",2.07138514578643e-06,0.999968219367995,1.55197603298953e-08,0.000320916387028186,0.000792254524563194,0.000325268156824666,1.64639576420314e-58,NA
"202",0.286035348465241,0.999999990496515,0.00757229437083495,1.09964572264985e-20,1.23061545878839e-16,1.49275854012757e-20,0,NA
"203",9.67914446842083e-18,0.00965683748857559,1.53742210089442e-11,0.987355932838519,0.988268085660417,0.987358000970351,0.55238100163175,NA
"204",3.46522318346982e-06,0.866369386369587,1.19825969029703e-08,7.72776957072722e-22,3.63325988524438e-20,1.97793200923439e-21,0,NA
"205",1.76533752266196e-07,0.571790689034811,3.83462282864716e-09,6.87828774191023e-19,6.8130919703559e-18,8.55923558885917e-19,0,NA
"206",0.0451882912136882,0.999983569099295,5.33835648678287e-05,5.82569466371722e-16,1.61905887243202e-14,9.26568443958224e-16,0,NA
"207",1.38940548775949e-115,2.75449391854031e-13,2.98299150686672e-14,9.4885065437545e-83,6.10946595101577e-81,2.43652722694491e-82,0,NA
"208",0,1.65968168201011e-14,4.31775774865392e-18,3.66539185214117e-91,7.94944100408187e-86,1.25608145943255e-94,0,NA
"209",0.407651784467375,0.99999989370446,0.03429159891154,1.38336022640101e-12,4.36474003397005e-11,1.47238379928069e-12,2.79901474056417e-134,NA
"210",1.40832328204983e-23,4.45841784773585e-08,2.77193921816831e-12,0.0246834180310751,0.0313550945928912,0.0247425122043876,1.13150835222786e-52,NA
"211",6.10178978438612e-105,2.38332580668232e-13,1.25958734842666e-15,1.0646831434659e-33,4.33295264798368e-29,1.20598143014145e-33,0,NA
"212",3.68208667168911e-06,0.999968559701205,8.06622262959152e-08,1.73881549769675e-37,1.78599735088691e-31,7.1093124258291e-37,3.41580280094865e-225,NA
"213",0.00176158736158205,0.972537451278403,8.37690266562788e-07,2.96817770293402e-12,1.20797383929943e-11,4.60693183892725e-12,0,NA
"214",5.87441335093092e-05,0.840203640531986,1.13181165453452e-07,6.18810949447115e-17,7.04531993364647e-16,1.25793025325763e-16,0,NA
"215",0.000259476353011349,0.999150575955583,1.47915686431203e-07,0.0212060632367142,0.0267349136116084,0.0213750607875085,2.58400711334106e-26,NA
"216",0.000601573460721141,0.932226305542581,1.15005151632214e-06,0.209448708950691,0.221979509128945,0.209804053821075,0.000261314764532614,NA
"217",1.53897990135436e-79,1.22706727582976e-11,6.15870980920633e-15,1.63881573759182e-08,1.66519463380582e-07,1.70125990406551e-08,0,NA
"218",3.15230259971545e-45,1.9246571229197e-09,9.5732054220586e-14,0.000979174337399849,0.00239280129811557,0.000983305037166648,1.58479862724889e-238,NA
"219",6.02429558009253e-318,1.40399243662126e-14,1.1793997392607e-15,3.77820767112145e-51,1.45402454825161e-61,6.31992748012466e-62,0,NA
"220",0.00026404483456742,0.999999878030468,2.60672583060903e-07,3.02975052487483e-38,1.15364220927385e-30,6.3458550440164e-38,0,NA
"221",1.57633954806366e-36,5.8273768023987e-11,8.75751595737467e-13,9.11991167967963e-14,3.95081132246101e-13,9.51478043108722e-14,3.60164126414329e-148,NA
"222",0.104497589396879,0.999987590805942,0.000164893095521628,9.38089000698454e-05,0.000172902266120704,9.74446591691162e-05,0,NA
"223",2.94487517100696e-05,0.999999860940555,1.05262116447126e-07,2.74279953451827e-12,5.29318032352374e-10,3.02850121621719e-12,0,NA
"224",1.84058137941351e-14,0.999999839581123,1.18335671489373e-09,9.58676617260909e-90,2.32818511833612e-59,3.08254204303348e-89,0,NA
"225",3.06045762805164e-30,5.63142844676337e-10,1.83821110349111e-12,3.2655651327561e-08,9.36063086310776e-08,3.20596073571463e-08,5.57397502195628e-97,NA
"226",0,1.0449945053059e-15,4.58345143030078e-18,1.95422147817938e-138,1.38961822063882e-145,2.80265190736876e-152,0,NA
"227",0.00131240271105752,0.999901818344556,4.9522798051822e-07,7.62278436013751e-19,3.0403218451131e-17,1.17842220640911e-18,0,NA
"228",8.13104571097124e-99,2.86667304208753e-13,1.36192349970482e-15,6.20885461347106e-29,3.537471743462e-25,6.81310673701736e-29,0,NA
"229",1.39861998371784e-13,0.999971828152061,2.11874460649832e-10,2.02516210920123e-49,6.48880357683988e-41,2.84091945324836e-49,0,NA
"230",0.000204142513788979,0.833029873990998,7.83644960969671e-07,3.07499246575493e-16,3.46542644796689e-15,6.84114289969436e-16,1.53294003774787e-84,NA
"231",0.000726837229693339,0.999882608727253,5.79012172650343e-07,0.00108836603237902,0.00189365133155124,0.00113073142084144,2.17477581479395e-60,NA
"232",0.656157966063156,0.999999985338327,0.168928706154547,2.47779136502105e-17,1.28188190217051e-14,2.99189180396254e-17,0,NA
"233",0.00265509940210686,0.999495129030347,1.28858835820952e-06,4.21061961806759e-14,2.91463140242113e-13,5.47400328601948e-14,0,NA
"234",4.52750341798294e-06,0.410685109124416,1.60335998917665e-08,0.627186536955452,0.637635139635604,0.627227812467983,0.00103209341500598,NA
"235",0.0414778099025595,0.999996976495866,7.12984769215236e-05,3.84136001283011e-08,2.86952206494336e-07,4.24941703598215e-08,1.12646612301756e-70,NA
"236",1.29343865700917e-12,0.00376504069193944,2.54921661007933e-10,0.78016532432722,0.788917980421068,0.780170200007004,0.220664788653177,NA
"237",0.12901044542759,0.999999724391805,0.000315584984676548,2.63275423389313e-10,4.29032711717097e-09,2.96890362240256e-10,0,NA
"238",7.9577433445758e-38,1.61030656783746e-10,1.06539516671305e-12,1.39912797330728e-11,5.94190022719513e-11,1.39242910444161e-11,8.36922817947709e-119,NA
"239",0.255346407241428,0.999977452471489,0.0176397089827037,3.0835452830975e-05,5.38580398415951e-05,3.07853745355376e-05,1.58685671143383e-20,NA
"240",0.0729895581901063,0.999982363528655,0.000645365216033662,6.9261205549579e-17,3.52212434849779e-15,1.01662566196382e-16,1.25513047713837e-79,NA
"241",0.000300937203929312,0.999880962147801,1.55264279950011e-07,0.00148277550918737,0.0026110497237462,0.00150725514921803,5.4822408639682e-137,NA
"242",2.70962994076461e-40,8.18806525451652e-11,1.1153359003374e-13,7.15863166077166e-09,4.16127581956814e-08,7.09781122890884e-09,0,NA
"243",1.24299179600558e-124,2.95693668566144e-06,1.12709597769614e-14,6.20277910172992e-211,2.28195122230796e-136,8.78745170437252e-211,0,NA
"244",4.25731311404894e-09,6.8358279170057e-05,1.40575625405341e-09,0.287551907249826,0.30025629684279,0.287157037721299,9.46469384974014e-23,NA
"245",5.82345236630106e-09,0.982689092601965,1.34939621201138e-09,0.102402202775422,0.124408266795617,0.102572432000031,6.54392793247578e-36,NA
"246",0.293318770149699,0.999977160515971,0.00738558090548966,4.92007208865471e-05,8.95943121891034e-05,5.24936742718959e-05,1.03278651714454e-48,NA
"247",3.07436002461726e-50,2.52611853948785e-10,6.69848599220615e-13,1.03953367690191e-08,3.3804606264806e-08,1.09010680487513e-08,4.49371578616333e-73,NA
"248",0.944141039520632,0.999988702447534,0.86072028754741,0.000132566010839311,0.000187003312260947,0.000143752037454929,6.52890708150756e-79,NA
"249",0.000633524808558802,0.999443241698552,5.67710232034088e-07,0.00664698330103939,0.00941138390166875,0.00670253949376706,2.84383509229881e-20,NA
"250",1.84349403116472e-46,0.999816539424005,1.28222295668481e-12,0.000173415023689333,0.00249955763713135,0.000174697040974754,8.70509324870129e-182,NA
"251",1.79899726896633e-14,0.999971018799583,2.8317047836312e-10,5.08732855637173e-52,1.24984961657637e-42,6.942722414249e-52,0,NA
"252",5.89732576017313e-09,0.000210233673117722,1.68916510250882e-09,0.388460321736686,0.401476717560734,0.388007839105274,1.30460468593757e-05,NA
"253",8.79219934465888e-06,0.989387484985635,1.34352984692487e-08,0.0995880146616843,0.114960366815834,0.099654710013095,1.99098492731375e-22,NA
"254",2.51812748604626e-05,0.132831946343834,9.04312988711582e-08,1.03050518024515e-16,1.13900740112724e-15,2.91550656428941e-16,0,NA
"255",0,1.94980519760128e-14,1.14000656772293e-16,2.14146706134483e-122,1.05584365320215e-124,1.4359335576907e-131,0,NA
"256",8.80906884698791e-120,3.76244963287537e-14,1.75090507017723e-15,9.62564658595103e-36,1.39798126240343e-34,2.44845670733799e-35,0,NA
"257",3.89642939672743e-19,1.33192564289939e-07,9.50139038870665e-12,0.0182621707028045,0.0241829583351029,0.0181427171555168,1.51313286819429e-55,NA
"258",1.05523342401234e-50,3.19532020816928e-11,5.66514788179778e-14,3.79236113589748e-12,6.60954423400539e-11,3.77316447941307e-12,0,NA
"259",1.18198753868326e-96,3.54484937881595e-13,1.66072090948914e-15,2.392116963853e-27,6.17935324643322e-24,2.56199922070184e-27,0,NA
"260",0.0279811843854429,0.999663888546552,0.000106236631573669,0.00159385133064952,0.00229927941780638,0.00162600987491983,8.62904589569937e-15,NA
"261",2.61901675846386e-22,0.129833674113813,1.26031417853033e-11,5.73820731537946e-62,3.17129320551543e-52,2.785717127689e-61,0,NA
"262",3.78881701068587e-12,4.98017307290646e-05,1.53262797510623e-10,0.301091336103938,0.320526918204603,0.30071711577058,1.47759114800363e-07,NA
"263",1.33804306522012e-37,1.88360811367761e-09,2.82815014262438e-12,3.96689992497737e-08,1.95245653475084e-07,3.84746896039178e-08,4.75530038268466e-41,NA
"264",5.23868173067344e-26,3.67923878021333e-06,7.36451677124066e-12,0.141557638686193,0.1699513544546,0.141653060569744,2.25117484388052e-08,NA
"265",6.21335762920436e-27,1.5261426248416e-08,4.50098402623311e-12,0.000717498175846364,0.00128777617430052,0.000712623717476605,2.18754034924702e-42,NA
"266",6.93000047663701e-07,0.506579713518909,7.76551484920733e-09,0.566301924370903,0.578891952457185,0.56602504067623,0.00628192208223098,NA
"267",0.0621368011424499,0.999983867763608,0.000611492092417133,2.296119358277e-07,1.0910751597306e-06,2.44597704086343e-07,5.78872094759019e-43,NA
"268",2.66471187438263e-05,0.948658165846793,1.32809969801035e-07,0.251294797154281,0.263172206215896,0.251121192833942,0.000109616090418336,NA
"269",0.0138759418303848,0.999999995537513,4.2032001180545e-05,1.55180421158426e-27,4.98133000350524e-20,1.72804497649045e-27,0,NA
"270",0.947672767911044,0.999996598644804,0.877506172631134,1.59170255784668e-06,3.38540889405333e-06,1.78557967923426e-06,3.86262415714399e-47,NA
"271",3.51405443615421e-06,0.982560307860243,3.3542361390656e-08,3.17454710462261e-22,1.73194660907887e-20,6.42361406140618e-22,1.47171011578987e-300,NA
"272",3.55506585617231e-21,0.981834182776478,1.32218454916001e-09,1.10273553346268e-53,2.79059827043713e-45,1.07522315100881e-53,9.88131291682493e-324,NA
"273",2.64734666150356e-61,7.89212829495277e-11,1.92315368107532e-14,2.22986568300689e-08,5.76106497703779e-07,2.14978500233744e-08,8.76666905005629e-305,NA
"274",1.32563905000453e-07,0.999990561014045,4.25231419941549e-09,1.04902146903024e-38,1.18796836755055e-32,2.17878734720124e-38,0,NA
"275",1.08764364039069e-106,3.12413317824815e-12,1.73069751283595e-15,7.91944418751446e-17,1.62249313424907e-13,7.89860271730056e-17,0,NA
"276",1.50716924635173e-37,2.89557712871072e-10,3.46244168362704e-13,5.16268866857473e-08,2.71483908848759e-07,4.97876983577082e-08,1.32725499240147e-91,NA
"277",6.07999854677605e-28,1.35922575202173e-09,1.6939396669573e-12,5.4961826746158e-06,1.38030643453811e-05,5.37106813229078e-06,4.97860861906986e-75,NA
"278",3.30231558756007e-49,1.82177326714636e-09,2.00237490015775e-13,4.74024388592824e-05,0.000199578745734806,4.7029266765126e-05,4.56919113434585e-42,NA
"279",2.63931559810665e-40,4.04052763812597e-10,1.57099342633299e-13,7.19556841714551e-06,2.98422372535701e-05,7.09318756732268e-06,0,NA
"280",1.97931922562997e-07,0.200327345713132,2.87024497907057e-08,7.05362286462807e-21,1.47385897777663e-19,1.38828296550925e-20,1.03301686380937e-145,NA
"281",4.32674535545014e-07,0.105942735256268,2.56712180856649e-08,0.89572322890981,0.898980254810267,0.895642498992434,0.661402253225407,NA
"282",5.21198030331718e-15,1.62233669572582e-06,1.92939572243043e-10,0.0643089442075982,0.0719355171038911,0.0644055914934571,1.33812756151979e-12,NA
"283",0.079272786741782,0.999985672267742,0.00035351115039856,1.56945842141133e-13,1.71728336672823e-12,1.91314475181353e-13,4.29800719328052e-151,NA
"284",1.43118263958265e-181,1.3427307752915e-14,1.19181772478882e-16,6.72383871958265e-79,2.56060095669077e-79,4.40108162655059e-83,0,NA
"285",3.10313215778007e-07,0.740308355140199,7.20093815966233e-09,4.97467878174615e-22,1.67081708607216e-20,9.2454943870985e-22,0,NA
"286",4.17041888408939e-09,0.000194858977533974,1.19447248499187e-09,0.414283574723509,0.42684571161704,0.414044783460486,3.02805161987492e-15,NA
"287",0.422788182126335,0.999998865614374,0.017675430387886,2.53661635885244e-07,8.4225415107206e-07,2.79251858291814e-07,0,NA
"288",5.00121636205384e-47,0.999800538680169,2.72018022427262e-11,0.000122585843800505,0.00115742910071556,0.000122933075529756,6.86957424034884e-44,NA
"289",3.48377544431352e-149,9.20415468733441e-13,4.87071073959542e-15,7.46535041862247e-39,1.28666133292999e-33,9.56725980300278e-39,6.67502039314995e-178,NA
"290",4.02676056929218e-08,0.999115633324847,1.87811287393673e-09,3.48293065186218e-30,5.31636794762528e-27,6.08156601545183e-30,0,NA
"291",0.000251719145690658,0.663308738935909,6.13801671112756e-07,6.53396172467009e-15,5.12846327149791e-14,1.44750718784025e-14,3.14048251586776e-160,NA
"292",2.76096184714991e-101,2.84861295028136e-13,2.44779605540531e-15,6.44891421547245e-45,2.86407241195379e-47,2.6708846570838e-47,0,NA
"293",1.00436416084853e-30,1.11911636929898e-05,1.66496084859859e-12,0.278994350759697,0.325345360494842,0.279413516048249,7.44608900146782e-18,NA
"294",1.97459578706685e-20,2.12787728654465e-08,2.01330971614009e-10,4.43990386807647e-21,7.96311660679686e-21,2.88339797132354e-21,0,NA
"295",1.38421366443333e-16,0.890965214349501,7.14334349389664e-11,9.14068580815279e-39,1.12795412306458e-34,9.05951699097613e-39,0,NA
"296",8.43958594851889e-24,1.48218169832039e-06,1.05476029221536e-10,8.57867491836103e-52,1.90769227270338e-46,1.00065407792757e-50,6.15148352399533e-181,NA
"297",0.620780102465338,0.99999979216986,0.111055010640918,3.39308365778513e-10,3.17961831114783e-09,3.96796001867162e-10,0,NA
"298",5.5967179440519e-06,0.997165139262035,1.19522926979072e-08,2.92149575234067e-23,2.79816456652999e-21,5.3846818322627e-23,0,NA
"299",2.35457377635942e-66,1.34610109293822e-10,6.96649037037668e-12,3.15200628890954e-29,1.0264462526328e-30,4.22716123134779e-31,7.14793723730125e-165,NA
"300",1.71731050239015e-27,7.22282480179457e-08,1.32829040926905e-12,0.0148872159995592,0.0239250284216069,0.0148178204516886,0,NA
"301",1.68408337165813e-09,0.993895262416185,2.11718990977954e-09,0.0423246901254549,0.0580966784412029,0.0424442143422061,5.05707478257361e-14,NA
"302",5.85789613851297e-07,0.143450331295976,1.11614941624947e-08,0.843019581094034,0.847049851316384,0.84293844392843,0.431263004993996,NA
"303",1.05216295736848e-05,0.778728779550612,2.15584310501063e-07,0.384348464921828,0.396647516258927,0.384424042592563,0.0397762356119105,NA
"304",0.048225836903746,0.998516219781591,0.000240086714300309,1.13234387829931e-09,3.30807625020375e-09,1.52373068586456e-09,2.12204279262352e-51,NA
"305",5.33684211857753e-25,2.78027330964221e-07,8.2842388899784e-12,0.0150437872297471,0.0226006894355328,0.0149647263235292,3.76003922649383e-12,NA
"306",4.25140054503067e-31,3.3491567793265e-07,2.40779440594418e-12,0.0308666530697945,0.0466579809641799,0.0311065667208546,2.338808058361e-18,NA
"307",6.65204297393052e-07,0.0372378234474094,1.66989912512093e-07,0.844596085438661,0.84845600242391,0.844564600829945,0.681039121376069,NA
"308",5.86987577553385e-17,0.889305217794416,4.44389473895869e-11,5.82757636781787e-59,4.12467107361249e-49,6.93144898113987e-58,0,NA
"309",2.22115819491854e-06,0.204062492682741,1.28790923729428e-08,0.775150541010571,0.781433753187086,0.775134521118118,0.0118211629845766,NA
"310",1.01798777953684e-34,4.57034602155937e-10,5.11832892157551e-13,3.15386306719961e-64,1.27863443514232e-57,1.12141103524316e-62,0,NA
"311",4.32274628487113e-61,1.62711775733438e-11,2.1245700346078e-14,1.07677680360732e-10,1.37155195425503e-09,1.09459982502588e-10,1.40715184564606e-278,NA
"312",0,1.55313183769862e-18,1.44133532257813e-20,6.50595046762501e-276,9.45726266525761e-259,6.27794656488652e-278,0,NA
"313",0.00345093753213182,0.982207221647169,5.16073446932633e-06,1.14352384770605e-12,5.77349625516761e-12,1.84805894141992e-12,1.1604659616862e-104,NA
"314",0.000233574308014903,0.999947159140352,1.01998750629043e-07,0.000328123763615993,0.000756794874196822,0.000338860283017122,0,NA
"315",4.23555747695395e-70,1.30412895103167e-06,1.41063285936196e-13,0.181641895241772,0.236401718172825,0.181725275096298,9.88576850324988e-06,NA
"316",0.00332230929127298,0.927394392504455,1.81618130857853e-06,0.295300023003036,0.304818601193157,0.295524160588787,6.21275894225532e-46,NA
"317",2.57470322043381e-32,4.67876371031418e-10,1.35519834691693e-12,1.51661758219568e-63,8.08756247700929e-57,8.94096094343984e-61,0,NA
"318",6.9645976901024e-27,5.45449147274385e-08,3.13495430267665e-12,0.00500034675401597,0.00851823154798489,0.00498894021748747,1.50879210733023e-22,NA
"319",1.35411232654108e-85,1.10963903213889e-10,3.81344701660573e-14,1.83770756320015e-09,5.97799963630303e-08,2.01660661099892e-09,9.85638359889549e-116,NA
"320",0.000180925561182226,0.53748845789843,1.59896197407269e-07,0.592570260739895,0.600607924892256,0.592224067019901,1.47573318679313e-14,NA
"321",5.64755515292365e-16,1.76949577646638e-07,5.19242213820965e-11,0.0136028019422432,0.0169270839705174,0.0135104146307045,5.5413586842163e-53,NA
"322",1.97171413929395e-83,0.999920196737876,3.49444623681993e-13,0.000217171452700712,0.00233495077846353,0.000214422941615303,0,NA
"323",1.5026867017638e-27,3.65162859247579e-05,1.5558111727014e-12,0.452773282305717,0.492605290732652,0.452755476210689,2.2927153745034e-06,NA
"324",1.47312112764051e-27,5.61294014399599e-08,3.65194665840598e-12,0.00398475727214403,0.00696094436250593,0.00396092264777921,5.31732792432917e-36,NA
"325",0.896179870617387,0.999991450007788,0.678963287104798,0.000110491804679898,0.000161606425653255,0.000118908424643598,1.60148717024705e-71,NA
"326",7.29835830750636e-44,8.13914757952908e-10,1.06916194158115e-13,1.34026794746448e-67,2.4369822795865e-60,2.64173824795232e-67,0,NA
"327",6.30343867102325e-37,0.996493523312841,1.97846356869271e-12,0.0126867757006898,0.0358573648437523,0.01288264471813,4.31701476173771e-111,NA
"328",1.60192852570393e-105,6.09409710945882e-12,2.18600581780861e-15,2.83966751904042e-13,1.45901573145424e-10,2.85812798301242e-13,0,NA
"329",0.740568570201438,0.999999618916213,0.291142529644938,5.17663750369468e-09,2.69173495856306e-08,6.00455180923904e-09,0,NA
"330",0.0116952258591399,0.999436419478686,1.12454470069782e-05,1.09639171024003e-12,6.16967600296569e-12,1.51490404412364e-12,0,NA
"331",2.55444791287119e-157,2.81130245307039e-12,7.02133292553347e-16,6.04829879642283e-21,3.17540740305891e-14,5.44843276877573e-21,0,NA
"332",1.63298200245122e-16,1.62518382688189e-07,1.72096047884745e-11,0.0433810807102929,0.0502612178841959,0.0433188226995862,6.34856306025149e-228,NA
"333",3.01348040892889e-23,1.17351935257663e-09,6.6453168907947e-12,2.01863699607601e-43,8.30284327714998e-40,1.14100747232884e-41,0,NA
"334",0.00673736421450811,0.999999960731176,5.52642174689796e-06,4.86376092563543e-33,1.14850521338954e-26,5.59114871596732e-33,0,NA
"335",1.98894681864955e-92,7.05498646945907e-12,1.03100775757599e-14,4.3072266173405e-20,7.29740643219618e-17,4.11664811133718e-20,2.67829659219456e-181,NA
"336",0.0396937491520217,0.999102297319824,4.5527331467881e-05,0.02210032350843,0.0255578902113854,0.0223979158105684,1.93367511282428e-58,NA
"337",3.6924472477903e-20,7.17880770962945e-09,5.96460568534778e-11,1.90153307153846e-05,2.65260601062211e-05,1.93593740031506e-05,1.58652643500158e-37,NA
"338",6.49952334134614e-10,5.68371173040129e-05,4.31180198627423e-09,0.161931864824294,0.172972795349932,0.161488051138666,2.0370190877898e-05,NA
"339",1.33006878408593e-13,7.02223970097539e-05,6.7761142615662e-11,1.30307943303743e-30,2.05226823089319e-28,2.68982783617097e-30,0,NA
"340",6.23646616833417e-40,1.60649527142573e-10,2.43113394911457e-13,4.69270013004763e-56,5.92456980299417e-52,1.12252249503941e-55,0,NA
"341",0.0156760904073822,0.999999435826098,1.22436487638314e-05,2.56411188188039e-24,6.21012015988287e-21,3.66021377264153e-24,0,NA
"342",5.50559383095634e-114,0.0275454165146209,2.09431101338797e-14,1.48135205554843e-173,9.98371679880154e-116,3.73210390223774e-174,0,NA
"343",0.000117494097768437,0.999999848743897,1.43746882256813e-07,2.36751943280687e-43,6.25906870252416e-34,4.73069297655344e-43,0,NA
"344",1.23923545031342e-05,0.999882881674228,1.51148164283606e-08,7.93201942179802e-29,1.96492445978341e-25,2.06338150019635e-28,0,NA
"345",0.0221374651942944,0.999999996732849,0.000225543932332592,1.94842873466914e-30,7.29226778506763e-22,1.6532259125271e-30,0,NA
"346",0.00072848790712476,0.968252892516265,5.21707713100115e-07,1.67537526815643e-14,1.21135692582249e-13,3.1354059693441e-14,0,NA
"347",1.87095467710711e-14,0.99063507967577,1.07670371887011e-10,3.4208719577397e-40,2.13733803126616e-35,4.50846834938351e-40,0,NA
"348",2.81852446940457e-21,1.60420791501659e-08,2.71261016356903e-11,0.000136316871970908,0.000222774733916104,0.000133818154206963,2.50683378635369e-25,NA
"349",2.25836267651444e-17,0.00380433521477962,1.62510585278669e-10,8.15571415444204e-44,4.20638768640861e-39,2.71826491669667e-43,0,NA
"350",0.00143405276558673,0.966843123090565,1.56290666948851e-06,0.180370332597711,0.190939203994428,0.180574322536171,1.3555275909008e-06,NA
"351",6.38769489034103e-55,3.24304534594171e-11,6.1729263553861e-14,1.398231701163e-12,2.65688325065473e-11,1.36487909849921e-12,5.48438044346459e-296,NA
"352",2.11579566961244e-58,3.25549387602097e-12,1.42347336043508e-14,9.84708390413655e-19,6.51618856710276e-17,9.61186775589119e-19,0,NA
"353",6.09124408970341e-41,8.35645488975101e-09,1.07301874055424e-12,0.00029217980308264,0.000759130665198765,0.000291356033456301,1.17650802182238e-23,NA
"354",3.29071388932627e-142,5.41471075144359e-12,1.2433288013516e-15,7.11733709009047e-10,3.65283423441746e-08,7.64105734291561e-10,8.414409301863e-208,NA
"355",5.27607429629482e-05,0.450089601294329,1.17128189424161e-07,0.625205340638213,0.633410231393754,0.624918184157797,0.0412642481509101,NA
"356",6.75850902138253e-287,1.6703112220443e-14,1.59835566923161e-16,3.3350912413761e-98,1.90246152344288e-82,4.55224334331273e-97,0,NA
"357",0.669968096556559,0.999992467805609,0.228882063840451,2.04619419234724e-07,4.97510906440312e-07,2.31937250253746e-07,3.33672854959483e-188,NA
"358",1.22727117662804e-43,0.315702339108923,1.0526503700545e-12,7.93693777237735e-73,2.81675987422257e-60,3.4805752252872e-73,0,NA
"359",2.14727334063677e-09,0.0130630347417082,5.39545070647733e-10,0.913764508324472,0.916925907806122,0.91376792287994,0.238219399684157,NA
"360",2.9007542789663e-101,0.999999952765023,4.59794491311901e-13,9.82273908483504e-147,3.00640560056401e-88,1.48261966610401e-148,0,NA
"361",2.81889384272635e-23,3.18892742190498e-08,2.06933988563123e-11,0.000269710232974927,0.000483277787131066,0.000265865707488204,3.87465698045855e-18,NA
"362",2.78266524407922e-25,1.30773228124082e-06,1.82477366529735e-12,0.124252396134173,0.15708745188349,0.124035771607318,0,NA
"363",0.61003327980926,0.999999354735454,0.114930594480235,1.49589412015944e-08,7.03599922115415e-08,1.66173848780255e-08,0,NA
"364",0.0473750786594074,0.999999598688448,0.000349939869747213,4.15094254862865e-28,3.5764426527222e-23,6.6805227315162e-28,0,NA
"365",2.38841502029957e-27,9.71043423558439e-09,1.70551041691079e-12,0.00133200804143386,0.0023797015154063,0.00133080793458803,2.0437764597988e-42,NA
"366",0.857366508520547,0.999999142754389,0.551785577850271,6.58178189183741e-07,1.62855514052553e-06,7.28352982792328e-07,5.19668895991944e-151,NA
"367",8.77030766588333e-262,2.76146829629457e-15,1.91559588514471e-17,2.52805424073123e-75,6.27955142343582e-64,1.09704527559036e-74,0,NA
"368",1.07520058530056e-15,0.999999007770819,6.0726256721278e-10,5.97187362718317e-80,1.12351160411303e-56,3.08850984261659e-79,0,NA
"369",4.07743979581514e-16,0.0620608592317864,2.04519581692722e-10,0.83488301080189,0.845871005634936,0.834905477232844,0.495461582691548,NA
"370",7.52186066543456e-22,9.74641025634875e-08,3.39275282968337e-11,0.00182349374494164,0.00280110588023423,0.00186937308993982,2.40557431867131e-17,NA
"371",1.71724664304754e-09,0.672937626359898,1.03175335926062e-09,0.406353850447638,0.430664451418587,0.406493729863156,2.91880402529283e-07,NA
"372",0.22712205294196,0.999985391497928,0.00286867737343799,5.63084791883215e-11,3.29457146114539e-10,7.48953128498032e-11,0,NA
"373",0.132149436957856,0.99888685807816,0.00336857203533521,0.00838934597156516,0.0098489591739156,0.00848904360706533,5.67667430862402e-12,NA
"374",4.82888791223269e-54,2.54348966662067e-07,2.54760156531496e-13,2.93443820926379e-102,1.07956633085882e-82,1.55211795408303e-101,0,NA
"375",5.99414680739881e-69,4.31926991416127e-08,6.62021194351559e-14,0.0226824524831405,0.0440170040097782,0.0227083869955568,9.9464771854836e-22,NA
"376",8.61331299365711e-47,1.12259105292829e-11,2.61109407172481e-13,1.00445861902774e-55,1.70302680579122e-52,1.94128616602341e-54,0,NA
"377",2.17428885097085e-10,0.999986782013933,1.23052185240301e-09,6.04652740510178e-06,5.65907333000798e-05,6.28463317322739e-06,9.66763703337884e-77,NA
"378",5.24016166121978e-06,0.999826531211818,1.17785661915704e-08,0.00334280474572468,0.00584224449678696,0.00337490340597272,0,NA
"379",0.000668566862387716,0.999899167596929,2.25961891242627e-07,0.00114662007532937,0.00206469322810909,0.00117059229452301,1.0712044788368e-57,NA
"380",4.5430170626656e-38,0.0234754995469895,5.87792394823369e-13,0.727698837508707,0.76100178413658,0.727861341674057,2.24472231257257e-14,NA
"381",3.16409012296669e-34,0.000290015811560177,6.77438231361377e-13,0.720381481493753,0.751976506553112,0.720325842051865,2.2678247512734e-198,NA
"382",8.38757399532566e-23,0.99831361136064,1.26323100830503e-11,0.00894829416891335,0.0230951892883761,0.00900622209990243,1.20189685166313e-58,NA
"383",0.457672633998921,0.999954204341765,0.092013350886796,2.1870841336131e-09,8.89298072991791e-09,2.6732113823303e-09,1.34228444991125e-41,NA
"384",0.0370808491895037,0.999978915900401,8.78686311532317e-05,1.83794310480411e-05,4.47008140837174e-05,1.92864964738407e-05,2.92673522437966e-54,NA
"385",2.5862732805079e-24,0.00038102521691383,9.80473035601823e-12,1.3929252963732e-63,3.92640804989064e-54,1.98505726955446e-62,0,NA
"386",0,8.10966597625709e-10,1.36065970048394e-16,6.53321376163819e-264,2.00761773197051e-166,5.49108055476727e-269,0,NA
"387",0.000533680841811934,0.997309343780207,1.65357970573191e-07,0.0560827031301247,0.0649221779230859,0.0564243480651887,1.88947391939978e-82,NA
"388",2.22086021110338e-202,4.70181284992217e-14,1.17356064402587e-16,1.86544801471878e-16,4.18617527712917e-15,2.32027285055639e-16,0,NA
"389",2.31269980333897e-17,0.999997144933439,5.62470979843819e-10,3.06345672326357e-09,4.49797935995585e-07,3.16109164379576e-09,4.206221468245e-255,NA
"390",0.55961064936852,0.999994275377078,0.0801152972930552,9.37199210914912e-06,1.8727937523813e-05,1.01971024499174e-05,1.3549978978123e-223,NA
"391",0.800701408756736,0.999999665678746,0.546805546034599,4.58880385430866e-06,7.76865699443416e-06,4.26353769112652e-06,2.46658737217441e-51,NA
"392",1.09089379069038e-10,0.517215658609681,3.63122018137861e-10,1.5101216728548e-36,1.64622559879358e-32,9.65409609235996e-36,0,NA
"393",1.83042262975691e-06,0.337959904660376,7.03295696512247e-08,0.650389981675596,0.660760387623591,0.65028711108327,0.199304228128398,NA
"394",3.76999797376662e-05,0.120571771685309,8.3155505322707e-08,0.906971392011896,0.908867650099117,0.906953349545988,0.52451905500996,NA
"395",0.0549431149756112,0.999057059882734,0.00185106223529973,0.000422494738934055,0.000683960206520153,0.000437089178309784,3.89233638322197e-07,NA
"396",5.31382006706059e-32,0.993454891347858,1.22630583428269e-11,0.00973026741193063,0.0295875747538986,0.00973679407656477,2.60126540456587e-19,NA
"397",9.07140871356903e-67,8.88529343161497e-12,1.58263145249458e-14,3.63609551601129e-16,5.44228343912435e-14,3.41748932259901e-16,0,NA
"398",2.25058965955994e-136,1.49718143012565e-14,1.60594872956403e-16,7.66494725989226e-41,4.17035184021335e-37,1.32012953634217e-40,0,NA
"399",1.48127081264951e-38,3.11910046008188e-11,2.07423089360599e-13,1.31248155346609e-10,4.42958574041907e-10,1.34325827351802e-10,0,NA
"400",0.142678750029954,0.999568917021098,0.00167093758877994,0.00324939383333996,0.00417112407803213,0.0033413858440318,2.49242856761914e-17,NA
"401",1.31596416927943e-12,3.79933852878977e-07,1.38615536996771e-10,0.0444423673258322,0.0496708045675658,0.0445056917514748,0,NA
"402",0.000776439019265713,0.999978472428993,1.96758455368275e-07,1.12213549489291e-21,1.61067808387061e-19,2.19852075955541e-21,0,NA
"403",0.0102768243856405,0.999930614216794,3.68274708534854e-06,1.07036570094345e-16,2.76264627294864e-15,1.92514945596649e-16,0,NA
"404",2.16742222923387e-12,0.99998599961429,5.46090680073848e-10,6.82336542320528e-58,8.09753226442894e-46,2.54046709257418e-57,0,NA
"405",1.53425293720124e-07,0.082270983975613,3.01629786914843e-09,0.898260900886946,0.901285122270892,0.898435724676178,0.20372907183008,NA
"406",3.39818351209609e-320,1.2011062150555e-15,2.11636841290913e-17,6.05622901795366e-154,5.23552111423941e-135,4.75603525897062e-150,0,NA
"407",1.46931116542348e-13,5.31439123205872e-05,1.09752201203766e-10,0.30763911304098,0.328749742846868,0.307245142827294,3.26463346905109e-05,NA
"408",1.32729325178974e-09,0.0036374332218781,2.93450459317056e-09,4.6327245166692e-26,3.81919673335379e-24,1.67573543277772e-25,6.08087366696463e-209,NA
"409",3.99466719961861e-49,1.17274690192499e-11,3.82315882067631e-14,1.50318306508324e-13,2.14882198258071e-12,1.47090196003591e-13,0,NA
"410",9.33226665389624e-07,0.99999999998391,4.31006208657214e-07,2.5250370637881e-83,1.97922034388218e-48,2.44469873386934e-84,0,NA
"411",0.0136267884236341,0.996490120476312,2.0093317590223e-05,0.0352130902204105,0.0404293073706294,0.0354838482127039,2.75373375271501e-19,NA
"412",3.92359902144556e-13,0.00629946253986764,1.30928927814624e-10,0.877873450380846,0.88292120450372,0.877888672414414,0.440852586626173,NA
"413",1.80407429126611e-08,0.565458446536286,1.99834180852685e-09,1.17009192938069e-27,2.93542818078321e-25,3.66374053934283e-27,0,NA
"414",8.31901648308493e-10,0.938678025900302,7.54472574302556e-10,0.205535794026854,0.231700702396286,0.205670839332795,1.56386975623691e-20,NA
"415",2.14173729176641e-27,0.0131060585030705,2.44225192665402e-12,0.870240223563129,0.883006674397377,0.870232651443367,0.3299441257133,NA
"416",5.43630072342103e-72,2.95497703069448e-12,7.83609305771202e-15,3.50951054520305e-14,8.17145710560173e-13,3.68834512883753e-14,0,NA
"417",0.713153342331489,0.999992902069168,0.349089160122396,1.63532226792599e-09,7.95605037907258e-09,1.97708550950855e-09,4.49797212518109e-35,NA
"418",2.51677387114115e-15,0.0679753185568281,3.04697963890068e-11,8.77332986465095e-42,3.49252075449904e-37,2.42133374392171e-41,0,NA
"419",1.6577316049609e-30,0.0250063658965744,1.82718679761087e-12,1.52093422106709e-75,5.27753572979688e-62,1.15872343240416e-74,0,NA
"420",0.991456259420863,0.999999999147134,0.964770573446795,2.41833664230079e-20,6.56588393958803e-17,2.80790762047873e-20,0,NA
"421",4.81004601152133e-11,3.0073289622e-05,8.9694577620257e-10,3.81195961697845e-26,2.17757507317701e-24,1.40216109692051e-25,0,NA
"422",2.73813189926816e-24,0.987612243106958,7.32191706331763e-12,0.0554426991806623,0.090813309628818,0.055681609624395,2.53051175000493e-29,NA
"423",0.00118831981836968,0.995068794267082,4.27786573040831e-07,0.0714204146093313,0.0807637703805524,0.0717733337945801,6.30362142359043e-140,NA
"424",1.33084731323349e-41,7.55181519766157e-09,2.22846566905124e-13,0.00240169162219947,0.00533648210516763,0.00239398111617145,9.76375245230249e-110,NA
"425",8.61106468376617e-15,0.851189665346283,4.34219930741623e-11,9.2520148531386e-50,1.27711303268367e-42,8.14714183258956e-49,0,NA
"426",0.000312519043817608,0.960044677052358,9.73093530225917e-07,0.205361320807885,0.215792533399246,0.205210148701637,4.89497946144896e-06,NA
"427",3.21854870921763e-19,0.999598118695788,2.58801917050605e-11,3.62517802250208e-62,2.01173667705877e-50,7.78107873371469e-62,0,NA
"428",4.21898601971286e-13,5.38982778867096e-05,2.57795800242655e-10,2.1042396742028e-37,9.98780934466943e-34,2.7707723492048e-36,0,NA
"429",0.250542501065046,0.999993923820261,0.00439476275397394,1.82553788436785e-06,5.0408389395495e-06,1.95264081795142e-06,2.87567334308994e-132,NA
"430",0.359289129445684,0.999984422295779,0.012424917275761,8.12277941745069e-05,0.000135527220263737,8.60068542197201e-05,4.57651383463185e-141,NA
"431",0.802868926511422,0.999998887380208,0.455693025790776,2.77089350695212e-08,8.88486676141522e-08,3.17192800003848e-08,1.99432439500099e-154,NA
"432",4.5880804365018e-10,0.749920804329122,7.8248026314595e-10,0.377994182319965,0.401938697289794,0.378409718580467,0.000623930395016745,NA
"433",7.05446097638646e-23,1.1582986979291e-09,9.10832455192646e-12,1.52995215087087e-44,1.78589776283471e-40,3.13443603546507e-42,0,NA
"434",0.000280971696241336,0.999649481446152,1.11581701531032e-07,0.00768407806732905,0.0109774486849059,0.0077559489866011,1.66264967095313e-186,NA
"435",5.21541734471717e-17,0.000410001124943437,1.83393732312124e-10,2.23300102078173e-49,2.51287545434372e-43,5.06080082956779e-48,1.65645066950394e-315,NA
"436",0.586652093204316,0.999999896300384,0.0960800766843343,5.87547539602898e-12,1.27227136300733e-10,6.9118710981901e-12,0,NA
"437",1.40692846503458e-06,0.0734385589361083,4.1325221173824e-08,1.21013106190008e-20,3.46732837770119e-19,4.23087340631503e-20,6.06654729226165e-253,NA
"438",1.72888703158517e-294,3.63104521237425e-16,5.07328177903719e-18,6.84744417792346e-114,7.68397118536501e-100,4.81484233750416e-112,0,NA
"439",5.31858617541457e-20,8.2572172576268e-09,1.91472580820592e-11,0.000115110050687962,0.000182817421264068,0.00011277163787644,1.14534630471534e-65,NA
"440",1.40367670007185e-05,0.999819894023272,2.09343798555478e-08,0.00186288186801601,0.00361268886933868,0.00189128872033034,1.62230595450211e-74,NA
"441",4.67386403964772e-08,0.935030271860605,2.79398887447209e-09,1.56726090637974e-31,3.6689128210801e-28,7.14581727786634e-31,0,NA
"442",1.09852788175461e-06,0.999929867741973,6.40789619552142e-09,0.00384036029165699,0.00625976788114784,0.00383990259461939,5.49953290161365e-214,NA
"443",1.08920708894544e-33,1.48017263653374e-09,4.23264255934895e-13,0.00010231338722833,0.000266727890387637,0.000101007364421109,1.33048489462598e-116,NA
"444",0,7.37220248817705e-14,1.65573406078584e-17,4.5158306912172e-18,5.21756322254276e-14,5.42347423989883e-18,1.39630869256357e-157,NA
"445",1.39959692600053e-23,8.64383848802905e-10,7.39499478243853e-12,1.91473669084882e-07,3.62695322296381e-07,1.87959089532168e-07,8.23464849696604e-154,NA
"446",4.25856773781396e-22,0.113110604947663,6.32414585939406e-12,0.641992758987034,0.672430509122997,0.642005267807542,0.00397677099259187,NA
"447",4.12942627077257e-11,6.66559399391629e-06,4.30108050587291e-10,7.84643868062664e-28,9.63513729566884e-26,5.86509504967809e-27,0,NA
"448",0.0552447966406505,0.999987224103134,7.17084103431117e-05,2.33642735977428e-05,5.43440880792654e-05,2.43641008907202e-05,3.91172904061872e-109,NA
"449",0.0259432376211128,0.999999963539167,4.5605891665567e-05,3.15284395345171e-40,1.71846204843032e-30,7.74127310931237e-40,0,NA
"450",7.62820012262133e-06,0.989665337722306,1.9379801044302e-07,3.97760434640928e-24,6.10874653493854e-22,9.62785478538877e-24,2.9857295223614e-201,NA
"451",0.00012540690530854,0.999999978035663,2.30652508811299e-05,9.70874052926974e-35,1.82328391356285e-27,5.53394271287741e-35,0,NA
"452",1.9811122712088e-15,1.07812882087805e-07,9.29331398364205e-11,0.00778413247520692,0.0095247200195111,0.00773088249282992,5.59934194667763e-25,NA
"453",0.630849264817517,0.999998486900187,0.135481504435817,0.00391888882697765,0.00424289887475349,0.00378952556606055,0,NA
"454",2.43014760089125e-14,0.998447153506871,1.1016902807496e-09,2.72126915441791e-58,2.29818987660436e-47,2.28069053190414e-57,7.24464687269341e-279,NA
"455",0.0662701820254647,0.999999951565947,0.000131356020945985,6.27925397871419e-29,1.3659440407597e-23,1.02455851501992e-28,0,NA
"456",4.90807668497132e-159,6.35176057092773e-09,6.18154774877571e-15,1.43637014849744e-215,2.68179042329511e-146,7.05558066055208e-216,0,NA
"457",1.08182802198356e-44,7.46661903491443e-08,6.32675198763666e-13,1.3067049396149e-84,1.35373294511464e-71,7.15934736811519e-84,0,NA
"458",2.9677032513492e-11,0.998529388895114,3.04938478054253e-10,1.29409235475749e-42,1.20214654307098e-36,4.62037636411014e-42,0,NA
"459",1.53931211244569e-66,3.98374539851098e-11,1.46722411997645e-14,1.98893879736976e-08,3.17434385219487e-07,1.97064880282096e-08,0,NA
"460",0.514035830937198,0.999999846898723,0.0662427910827704,1.69552435886361e-12,5.14550928252202e-11,1.9260563858099e-12,0,NA
"461",2.81489424297811e-128,6.75718069209068e-14,1.22594189083151e-14,1.32288210062753e-52,6.37812356903049e-57,2.40200450519577e-57,0,NA
"462",1.07438612698575e-309,1.15802198058413e-15,1.11521588511768e-17,1.61592510895301e-65,4.67947242531134e-59,4.56802227249146e-65,0,NA
"463",0.919402055430241,0.999999994688447,0.763866754080435,3.65924048626139e-18,1.80792672318923e-15,4.17836922906588e-18,0,NA
"464",3.95035839439398e-44,2.61307782204533e-10,2.90700694178638e-13,9.29553604045373e-09,7.17881755010361e-08,9.08253204197361e-09,2.05482341245259e-115,NA
"465",6.65226510489761e-10,0.894515318440332,1.28302570155629e-09,1.48469931466128e-34,8.45246765889182e-31,5.55518893850612e-34,0,NA
"466",0,5.50887909788134e-16,4.72506763041949e-18,1.88823578042109e-197,8.25239116487514e-235,2.23168390066533e-238,0,NA
"467",6.27978558056454e-47,7.38768755590295e-07,7.78000354101417e-13,1.12037948175157e-99,1.29160220946153e-80,1.585469546551e-98,0,NA
"468",2.26254044344016e-11,0.00256958911595489,3.32339531860059e-10,4.51140091239359e-35,1.3367543845046e-31,4.1348706043817e-34,0,NA
"469",2.75608665894885e-35,0.0175572324475041,5.0685319290347e-12,1.04352034559082e-55,1.08360920779306e-48,4.58712866473722e-56,0,NA
"470",4.61172953441619e-06,0.999999738589257,7.5876173725055e-08,4.05072942726528e-48,3.87248478579526e-37,1.03598695474312e-47,0,NA
"471",2.55299390605473e-08,0.983294632235289,2.40202586086205e-09,3.26636961190837e-33,1.91389593221734e-29,1.29716688619801e-32,0,NA
"472",9.30095193231313e-30,3.43989208079793e-10,2.53966399838828e-12,1.60673538982497e-40,2.2964329821266e-38,7.35400362377857e-40,0,NA
"473",1.62154642286821e-18,5.93382344523534e-06,2.52871090656224e-11,0.147402904939385,0.169995241351272,0.14729476952182,1.21006472339562e-13,NA
"474",9.99320263218341e-32,2.02977190671149e-10,3.58318453479595e-13,2.13791037859948e-07,6.26854071122423e-07,2.12104690178617e-07,0,NA
"475",0.00142721578300966,0.999405275025444,1.05651641065799e-06,4.54949688142787e-17,8.63107805141328e-16,7.75920255408496e-17,3.08544607844663e-193,NA
"476",3.66492949686965e-63,0.999999971113653,5.39006881004966e-12,1.44257238277771e-111,5.21349962509595e-71,8.13536254419099e-113,0,NA
"477",3.47942834383721e-146,3.9526623012093e-05,5.12707994294561e-13,0.442463877396135,0.491829174342509,0.442606589236992,0.0315378041328787,NA
"478",0.000648674131183373,0.953872085180519,1.27748976491928e-06,0.161892930329704,0.174247229046625,0.161957428416811,0.000205332021467934,NA
"479",2.6641946785494e-05,0.99641178683869,5.65127786609237e-08,4.23917549722542e-22,3.20510951062579e-20,8.98915210307537e-22,1.04877467114951e-290,NA
"480",1.81694613326479e-29,3.3311555490281e-07,2.04872889702755e-12,0.0355178478432563,0.0530839976870026,0.0353993605158863,8.98971093702436e-20,NA
"481",1.03529948817171e-40,0.000372495640290909,8.58683949520232e-13,0.720237242741718,0.752944924749739,0.720331809661737,0.21016889041845,NA
"482",5.73878082127758e-24,0.987713151519024,8.60902261433521e-12,1.90381359945744e-71,1.8738825413709e-57,1.21953389101105e-70,0,NA
"483",3.01254151988141e-74,1.00396142104764e-09,2.42113961776233e-12,3.60643287969477e-08,1.08014136771234e-07,3.88139586217611e-08,6.82731619650263e-35,NA
"484",2.39501810412416e-255,1.32149387793836e-12,6.16768486538662e-16,4.21045595652563e-12,1.46701704266569e-10,4.72019094585177e-12,3.86201371204688e-137,NA
"485",0.110745234198645,0.999999960848456,0.0006325547662689,3.52814469368336e-30,3.56982310789463e-24,4.91020905635135e-30,0,NA
"486",6.42774402249499e-11,0.00593250706306358,5.72964871335488e-10,0.789489262991748,0.798199869439187,0.789489551176884,0.355814455147961,NA
"487",1.77350363896515e-125,0.0320032231074786,3.42723649881666e-14,0.665675652709449,0.702427854142399,0.665691574139758,8.61431277055876e-08,NA
"488",4.66033216730329e-10,0.999999802636594,6.3363662100919e-09,4.82827493055389e-60,1.5197738659482e-44,5.65507963241958e-60,0,NA
"489",9.12872035741578e-20,0.00023727101306289,4.58050817263813e-11,0.447989451458509,0.478935892317029,0.447893009602137,0.0188762448887335,NA
"490",0.680003775210906,0.999931393371027,0.28741948491064,0.000185842546420021,0.000268377683699564,0.000197312229170731,3.92132260429855e-19,NA
"491",3.45676724797074e-10,0.999173395165268,2.71140538267817e-09,9.52515335536618e-41,5.50773826935446e-35,2.61963483087162e-40,0,NA
"492",0,3.93531594355464e-16,3.59822236920193e-18,2.04247683695284e-226,2.00769952397634e-208,8.00802011003081e-230,0,NA
"493",3.50565918916035e-121,5.38579831378656e-13,1.52319137832163e-14,2.1722871938659e-36,9.20040438443375e-35,5.13804848645222e-36,5.87210321424652e-276,NA
"494",1.23175802770769e-05,0.992453576786635,1.94013512041044e-08,3.22346399327298e-23,3.48152580093073e-21,8.58484402828116e-23,0,NA
"495",9.84989233685952e-57,8.79354236721838e-05,1.03878349802949e-12,1.89587702242047e-121,4.76489189538901e-92,1.90250361065654e-120,0,NA
"496",0.584609661059891,0.999887727421995,0.127143915635676,0.00217288047090666,0.00264783240995671,0.00226093162657472,4.33108046947726e-50,NA
"497",0.00354704480585229,0.999992746020959,8.89557018071127e-07,1.98683675475544e-05,5.90907548237697e-05,2.05602324809556e-05,0,NA
"498",4.73952497942092e-32,3.75857904610627e-10,3.58942364131791e-13,2.54926470519429e-06,8.12470919606967e-06,2.48671619884784e-06,0,NA
"499",1.19187793691137e-29,2.74165513846538e-10,2.67216520092918e-12,6.8069827047233e-10,1.84478930208861e-09,6.95424426358857e-10,2.19852915060075e-176,NA
"500",8.15762858186348e-07,0.0394145031142761,5.93396820852598e-09,0.98962195882344,0.98992922133173,0.98961793430565,0.857648862966467,NA
"501",0.151967326566798,0.999975854267956,0.00122767198160973,6.40382784086568e-05,0.000117211421675156,6.69006209399169e-05,1.24986248689285e-38,NA
"502",2.01136894734806e-54,1.80982157361379e-10,5.5371487326453e-14,1.05605032047799e-100,3.16209111608886e-85,8.46139917594392e-99,0,NA
"503",2.58257937576297e-07,0.000133212949059591,1.8896979991879e-08,2.47920636108755e-14,8.23735545259899e-14,3.93637277075218e-14,3.31841729936643e-308,NA
"504",3.00556910879438e-07,0.558897701115262,3.80578932211097e-09,1.32755910604104e-23,8.75965271564313e-22,3.83819856625639e-23,0,NA
"505",2.59835560891198e-12,0.467360958246196,1.83933303452122e-09,3.04370105743097e-27,2.44258444380667e-25,3.06230516918834e-27,3.88320862053169e-196,NA
"506",2.30108596114439e-08,0.00351739654875987,5.3326847065553e-09,0.653799169030115,0.662680446906609,0.65410058843145,0.135277910068467,NA
"507",0.287840703402928,0.99999999885318,0.0264700290891881,2.34626579953461e-48,7.20152370228304e-33,2.54548415275572e-48,0,NA
"508",2.85332947027748e-14,0.101766788305863,4.52202662865386e-11,0.738119998461743,0.754020464069614,0.738152226936078,0.00380066400488268,NA
"509",8.76730563927471e-115,9.51443292020974e-13,1.04755030074847e-15,3.15719199913106e-172,3.80343887723011e-140,1.10505156758207e-167,0,NA
"510",9.1959495463344e-65,0.685868879650956,1.98380457341459e-12,0.1833321848659,0.262802627576427,0.183351444219608,4.27516517236845e-07,NA
"511",1.07698463101906e-21,1.46406227511746e-08,3.01103684242719e-11,0.000205429375482996,0.000308420440458309,0.000203528939406471,1.67215381636606e-31,NA
"512",1.39208588323403e-13,5.75525358814855e-05,9.14491114559991e-11,0.33333899525872,0.354447928935592,0.333064441249061,2.79548455297508e-11,NA
"513",3.2105751377969e-173,2.35711745523947e-13,5.24780289867217e-14,2.0634294924524e-134,7.06793864031869e-125,1.35614487804116e-126,0,NA
"514",0.0141830816532055,0.999721912995584,2.17215771757749e-05,4.66949370428159e-14,4.3743319788967e-13,7.03589411084212e-14,2.45915598754007e-123,NA
"515",2.83547834979458e-21,2.07305942880013e-09,8.07009491230286e-12,8.31192166001938e-43,4.27988480661088e-39,4.99160048412018e-41,0,NA
"516",4.41682304313936e-07,0.00193689433503994,5.72196618320297e-09,0.619246131171931,0.627608994730783,0.618726346015811,2.13481191619446e-08,NA
"517",0.271907681014729,0.999996497586314,0.00297597289034591,3.39606803662177e-06,8.64510671005406e-06,3.74847902044807e-06,0,NA
"518",2.82172286475217e-12,7.49312162161817e-07,3.40577350139568e-10,0.0335733094909875,0.0380441720966439,0.0333876850921855,1.06732018501584e-21,NA
"519",4.45708547133581e-32,1.38188188747531e-08,9.76488981741926e-13,1.52252375565766e-76,1.61835202791746e-65,2.63964073857885e-74,0,NA
"520",3.99546494939616e-11,1.99544654965945e-06,2.89403097984141e-10,0.0956995549459577,0.104104492916362,0.0954899300375334,0,NA
"521",2.13466246694436e-109,3.7867001141443e-14,5.71515976809682e-15,2.44030099232297e-87,3.1267473539337e-83,1.39764972058895e-84,0,NA
"522",4.77227718308961e-18,2.39081880603594e-08,1.06863226966646e-11,0.0037098726098003,0.00510366099257515,0.00367259179210275,3.93770319735473e-320,NA
"523",5.82242240226739e-29,4.12789917791658e-05,1.9280158508839e-12,1.35485549865905e-66,9.00562276603011e-57,5.69979663444199e-66,0,NA
"524",7.91599790941809e-18,2.56700387392254e-06,3.98193696366383e-11,0.079036345773046,0.0943401030957696,0.0789394603384315,4.42060503871313e-08,NA
"525",1.51192059910184e-18,2.40561483951553e-06,1.46541059060069e-11,7.7776013209904e-49,2.51719804228024e-43,1.43074769533804e-47,0,NA
"526",7.73459647410133e-117,4.9996718460032e-12,2.06839584767569e-15,1.25501310661593e-11,9.3794159560686e-10,1.30031062914146e-11,0,NA
"527",1.56144003053393e-30,0.690962458212064,1.84459049498507e-12,0.264375124880536,0.327385711122345,0.264418784677759,1.48383121616793e-32,NA
"528",0.000304691313706141,0.999831776804622,9.29946710399477e-08,0.0037704479445947,0.00588137661250737,0.00384387415088969,5.88349317199177e-97,NA
"529",0.0257420332732013,0.999999672126903,1.90430203081174e-05,1.5431797462503e-10,4.02614742600723e-09,1.66352502268652e-10,0,NA
"530",1.103614900804e-19,0.99440010081327,2.07058665851253e-11,6.47477393696911e-59,6.4960631222631e-49,1.45770563104426e-58,0,NA
"531",3.21928682608445e-126,1.06108966314788e-13,1.45800326658385e-15,3.0703606261412e-42,5.20166200160262e-39,6.83052391734966e-42,1.23173146585741e-307,NA
"532",5.05004832470115e-19,3.34595348045412e-08,7.96061886367471e-12,0.00607655720824634,0.00832577473207303,0.00605293727532656,4.9121944756488e-157,NA
"533",9.08726382556139e-08,0.659920330302153,1.95436123730513e-09,0.44613280321966,0.465913160332736,0.446408184966098,5.99906550287059e-12,NA
"534",1.96722308163144e-39,5.7356261009403e-11,4.63996940098063e-13,1.29695135075291e-13,8.00877626365688e-13,1.28281656854738e-13,1.86660362282946e-130,NA
"535",6.09848627516794e-61,1.57556762462317e-09,4.9151575511255e-14,0.000139691546364175,0.000704243029450977,0.000140470394362882,1.61511887924601e-124,NA
"536",0.421550381966136,0.999999883552811,0.0287492673232101,4.3278833277223e-19,2.0673837301389e-16,5.92958005158884e-19,0,NA
"537",3.99924558548765e-13,0.999896086293178,1.32492889921592e-10,0.00332607128549117,0.00714887970959182,0.00332660824687235,0,NA
"538",0.113455501978428,0.999810438078288,0.000394950806085189,0.00386174725505093,0.00492566719949407,0.00396045541336417,3.0733893320536e-77,NA
"539",0.100770401244007,0.999999976693628,0.000710262408481072,5.57825801628636e-21,1.62843048717436e-16,6.54937709442564e-21,2.57829287652026e-269,NA
"540",0.967687001287397,0.999997344979483,0.922205635808487,5.80391394665519e-05,8.66085688513685e-05,6.2598878391512e-05,4.2258595460596e-306,NA
"541",4.58504918704657e-54,3.26324031409167e-06,1.26590589201983e-13,0.232325317325371,0.306204810681452,0.232306673842887,1.29632710309958e-08,NA
"542",0.109700994661012,0.99992229250216,0.000324914951354056,0.00089095854966986,0.0013009215093827,0.000922164990714438,1.71911702860217e-67,NA
"543",3.06031189067635e-66,8.94125457728162e-12,1.0846815145805e-13,5.3843886739602e-69,2.12158954580265e-65,1.18167209702027e-68,0,NA
"544",3.89025444480527e-146,1.05732347370353e-14,1.55238199160998e-16,8.35540798755346e-60,3.85153709595218e-54,6.14374765700881e-59,0,NA
"545",9.08220672122853e-05,0.986632663131667,5.87654860706534e-08,0.118311825440963,0.1320258762719,0.118949625060557,1.23412553067734e-45,NA
"546",0.000895732555108002,0.855541043634196,5.11382775975674e-07,0.379266136877722,0.389371407176106,0.379467178266407,1.20456242922982e-21,NA
"547",0.122307043659988,0.999857093175551,0.000549073494050581,0.0023325563313092,0.00307764777479565,0.00239721730626995,3.33684748026642e-105,NA
"548",2.04721670130244e-75,3.53483574431697e-12,7.12953979429319e-15,4.00045916304963e-19,2.35542015939576e-16,4.50395547751594e-19,0,NA
"549",1.16317232733635e-06,0.89807575165199,1.30167601515719e-08,1.02736643512037e-23,8.80758414810512e-22,2.89618122498374e-23,0,NA
"550",3.35228673788666e-15,0.398472413182764,7.80842885798197e-11,0.493998888767034,0.525749456469989,0.4943655658832,0.00939267200094045,NA
"551",6.42515030042301e-26,0.0574833869336271,4.30309715253341e-12,2.35155899691209e-76,4.60038345825617e-62,6.13938321768108e-75,0,NA
"552",0.076870495260565,0.999818203433947,0.000412853852701474,0.000821948596210134,0.00122263228134837,0.000844976840895871,1.87954488374449e-28,NA
"553",7.27048627320825e-44,0.114308260982322,1.3058207841788e-12,6.40669828183578e-70,1.44829499264971e-58,2.56120625101989e-70,0,NA
"554",3.86545927137295e-198,1.35036042874337e-15,2.1047644670032e-17,6.73627486886012e-82,4.31996395096166e-73,7.00584587212212e-81,0,NA
"555",0.993268872852648,0.999997284782063,0.974501968961147,3.99503814816312e-05,6.1549173474722e-05,4.31066284343999e-05,2.28690066060397e-24,NA
"556",1.19290342022947e-05,0.0218228854075134,6.05387646291516e-08,0.838398068349854,0.84163059308293,0.838261884124268,0.409909628952275,NA
"557",0,9.61386618903367e-18,7.176021934615e-20,1.64240470996449e-273,8.09413874835965e-218,1.30636085977132e-269,0,NA
"558",0.964916045922417,0.999998838641194,0.887069666975412,1.12171606474574e-05,2.00886605834733e-05,1.24472971587822e-05,3.5105367264252e-38,NA
"559",3.93983719155145e-49,2.49263997933934e-11,4.20643132838959e-14,2.12185786115383e-12,4.61397083986052e-11,1.98739012279572e-12,0,NA
"560",0.0429119004951445,0.999495437095576,0.000128937437743552,0.00446301413420527,0.00581849848823906,0.00454543867781863,6.6874337772688e-22,NA
"561",4.11241455366585e-18,0.999997407702783,2.36979395142693e-10,1.53901685925647e-09,4.19459661496562e-07,1.72541311070974e-09,0,NA
"562",0.0598831044651223,0.999994965124622,6.08059034602155e-05,3.03591604287479e-15,6.49304655917191e-14,4.60825823827993e-15,0,NA
"563",0.000197188211334832,0.996129090124351,1.51797916546785e-06,4.40863751785641e-18,8.58788137396292e-17,6.68135237101682e-18,1.23880116320982e-85,NA
"564",3.52697972586772e-12,0.956562783154097,1.3224800696744e-10,8.82080814775553e-45,1.22542419986808e-38,5.66678595836161e-44,0,NA
"565",0.436285072367797,0.999989450992442,0.0325239535328345,1.48394872366462e-05,2.90800025195007e-05,1.59081845243088e-05,4.16347681842363e-116,NA
"566",2.79247890650446e-164,3.41135523926405e-12,1.81857296223223e-14,2.03772136157238e-93,7.0472524929745e-90,1.43603545140402e-96,0,NA
"567",3.62752358504857e-13,0.999998596453143,3.62559826396642e-10,3.94066610163603e-61,4.5123439630259e-47,1.30567398048237e-60,0,NA
"568",1.72076059116212e-102,2.18330024428454e-11,9.61233703577391e-15,1.0745188019407e-10,4.9176532047373e-09,1.100523418775e-10,8.09499045419681e-183,NA
"569",7.86913608996527e-06,0.999999691000038,5.86490409892649e-08,7.04872526539962e-40,2.99600075089622e-32,8.81528395821406e-40,0,NA
"570",1.27640844153016e-29,2.36682384301461e-09,9.03023005751339e-13,0.000150640459411385,0.000331328870331436,0.000148831347186148,1.89030697612301e-291,NA
"571",4.6398564942738e-62,0.00717647741010136,1.48584083483314e-13,2.90074958411946e-117,4.08905086992203e-88,3.69876950340346e-117,0,NA
"572",0.00173330871255957,0.999853898300168,5.54587903365496e-07,1.41825201967592e-18,5.34885695360343e-17,2.47275612683726e-18,0,NA
"573",2.33749671626319e-24,1.49631119076973e-05,5.7063404398149e-12,0.245684197484038,0.286457369360672,0.245423330414405,1.84720526810982e-13,NA
"574",1.24895860081239e-46,8.92674165648799e-10,1.41788122706262e-11,3.66462688243543e-47,1.60477302326259e-45,3.59520670199511e-47,2.59930246879732e-245,NA
"575",0.305476813679451,0.999999312078479,0.0152386588395323,8.56321393268245e-18,1.4281573758686e-15,1.16296811802947e-17,1.11652106195103e-102,NA
"576",5.28916788386381e-21,0.000709165756725445,6.71257329828599e-12,0.735158836265708,0.754812086001847,0.73511822436565,2.18166206842108e-14,NA
"577",0.274349384352744,0.999997300148546,0.00444802907352323,3.69038759445468e-12,3.43091026226001e-11,4.63324128457945e-12,1.04363857886147e-317,NA
"578",0.118555178151306,0.999973958072692,0.000284364910301991,0.000316330926574191,0.000503235945560442,0.000327478705506619,0,NA
"579",0.00176482090568611,0.999995369593388,5.28219063825469e-06,4.00259510624577e-08,3.98575195137653e-07,4.17827097064706e-08,6.66848333780238e-74,NA
"580",1.10498238175267e-12,6.54954558823019e-07,4.22126324811297e-10,0.021305449023644,0.0245932596876767,0.0211297272627952,3.08810700607749e-17,NA
"581",2.11945499990621e-07,0.982970511355003,2.54403362800074e-09,0.123292240276546,0.143216633541401,0.123512262508189,4.80117122319129e-105,NA
"582",3.23048598689251e-06,0.542603345815453,3.26350124155401e-08,0.525143540298823,0.538641598915676,0.52516898286869,0.0104226613687673,NA
"583",1.53157400929643e-47,0.00036557881465937,3.520526016373e-12,7.42684817158364e-62,7.00968582239064e-54,2.18862667376449e-62,0,NA
"584",0.000823815917728673,0.999990332385357,7.66583575059209e-07,1.60751679247613e-06,8.92635850599388e-06,1.68816354879808e-06,2.61494656807719e-67,NA
"585",3.32661660539278e-85,4.93286965007794e-13,2.37899564995674e-15,1.38830760863447e-25,1.49433101617609e-22,1.46273737595718e-25,0,NA
"586",0.103690488895615,0.998356105557921,0.000583402446896945,0.0310113990198586,0.0343162641842084,0.0313440309757685,1.41916280971274e-20,NA
"587",0.000155839673002842,0.9999979908402,1.02209078298516e-07,3.02577623877573e-07,2.60450581887909e-06,3.16906943913818e-07,4.14242395254345e-213,NA
"588",1.19139817202587e-12,6.82617589731381e-06,1.73254933693184e-10,0.135096147878964,0.148914592500513,0.134791142691031,2.61086337569706e-11,NA
"589",2.66550944048412e-09,0.000230667757143045,1.51816332561177e-09,7.8817564067392e-25,4.7520012028589e-23,3.51375801978356e-24,0,NA
"590",1.25712573758067e-49,1.05457106166892e-10,2.07676417978769e-13,1.93221927790031e-11,2.11686201979748e-10,1.89703792683217e-11,9.08828943986521e-140,NA
"591",1.05475699847833e-48,1.66454735052985e-11,1.31052110433216e-13,3.47650536130085e-16,3.52402717027626e-15,3.61772839595519e-16,1.00298982742748e-287,NA
"592",6.63426192701671e-10,0.00134634630245789,3.75813415279656e-10,0.668172212133373,0.678873553463553,0.667998067722966,7.93024907819345e-19,NA
"593",6.14708916179781e-10,0.0774654574275999,3.29462069815538e-10,0.849012641218182,0.855257452210615,0.849118576648534,0.000565074357359608,NA
"594",1.81135421018574e-05,0.999999600488651,3.66056854568833e-08,4.17557801461562e-10,2.39171857857014e-08,4.38117959872329e-10,0,NA
"595",1.61083685823872e-30,3.5217430994016e-09,1.45945070379321e-12,0.000502584864307769,0.000879584314715165,0.000506999294679525,1.81066851428756e-47,NA
"596",1.79740751171233e-23,1.23265062963267e-06,5.11073362865141e-12,2.34327851373911e-52,1.4191809600767e-46,1.56063494149291e-51,0,NA
"597",2.04857827027088e-194,6.13044364236211e-10,1.30236536047244e-15,1.52624810601625e-05,0.000643612764226658,1.53058357627088e-05,5.03083775113693e-91,NA
"598",1.33583309321211e-14,1.25090654829849e-06,3.48419766066391e-11,0.0833215271071698,0.0959942730337145,0.0830283072417154,5.01004662509706e-54,NA
"599",0,7.14712329887798e-15,6.67071807728127e-17,3.24544081441153e-180,8.81849097984696e-240,7.84391487876845e-240,0,NA
"600",2.66660452484512e-07,0.999811686176482,4.33930545121178e-09,0.0035830455296515,0.00652426604117542,0.00364967846014214,2.56176910597582e-222,NA
"601",0.0329312477746226,0.999520223138097,3.0618291803845e-05,0.0110903721631904,0.0135655254187106,0.0112579164619303,7.82544772657857e-83,NA
"602",1.60214477445022e-15,0.999965543834459,1.02411859982928e-10,8.50250014536136e-61,1.95764782410326e-48,2.08106734278325e-60,0,NA
"603",1.12013431155797e-45,6.17044699669659e-11,8.84705919618671e-14,1.22048605345733e-70,7.15505134050348e-64,1.57523512313788e-69,0,NA
"604",9.87777548921335e-10,0.99996372095238,2.66168455975596e-09,4.01346312995705e-05,0.000212614007140908,4.08462729093864e-05,4.9777944380834e-119,NA
"605",0,8.23568206294828e-12,3.78444594220987e-17,8.84788568673171e-318,1.43841306316974e-195,0,0,NA
"606",1.09469711457457e-215,2.30734321771549e-10,3.60849979296839e-15,1.83295529804252e-296,2.45625171510456e-189,1.39231453414034e-295,0,NA
"607",0.690107599496323,0.999999781455383,0.201650121797447,2.52938535329513e-13,6.36318040434406e-12,3.38239352790043e-13,0,NA
"608",0.00209465873626147,0.999998605153205,1.28390404501742e-06,5.34997905851126e-09,9.65611425105571e-08,5.79961174514208e-09,4.94009291483888e-103,NA
"609",0,3.35408241132638e-17,4.57439700631168e-19,3.12211341610491e-153,8.44754858585069e-138,7.40423832201194e-152,0,NA
"610",5.29316973916858e-22,5.47048385577947e-05,1.48987136225783e-08,8.95792775600047e-12,5.97533463596763e-12,3.72447358965582e-12,1.28274343445837e-41,NA
"611",0.000953618714375702,0.999437522773763,2.83019551567256e-07,1.26871030306573e-17,2.83435478893421e-16,2.28291384613448e-17,0,NA
"612",4.77436608996517e-13,0.0041130057308175,3.64279194952851e-10,3.3387351247145e-38,2.75822127588402e-34,2.54617314008071e-37,0,NA
"613",0.000765248059351566,0.984431679402278,2.81001393063438e-07,0.141280662670523,0.15312304384557,0.141469245399927,0,NA
"614",0,4.57457892208877e-17,2.97300678561238e-20,0,0,0,0,NA
"615",1.20246168910485e-47,0.19597032216424,9.10849774965978e-13,7.21524525907889e-77,4.00116451328151e-63,2.91810324755577e-77,0,NA
"616",4.84345395411597e-71,2.26240349493121e-11,1.02310845797179e-13,7.11707750898055e-21,9.56040376524096e-19,7.68379139574905e-21,4.49212596802068e-80,NA
"617",4.39003657356777e-11,3.1090704333179e-06,3.52914005256062e-10,0.102991022040264,0.112157280630126,0.103065204821353,2.87902169094728e-99,NA
"618",5.84797563149487e-11,4.44042319894757e-07,8.22118225779233e-10,0.0399276490627786,0.0428683737145324,0.039954012187941,2.73276052039507e-42,NA
"619",1.58849465212733e-12,0.153186846471079,3.32023863924608e-10,0.713141753854956,0.728875954556638,0.713794243777913,0.231109268845868,NA
"620",0.204223357334992,0.999984658476803,0.00142022726210807,6.70078450088893e-05,0.00012223634550039,7.07292882062815e-05,3.21077067677462e-230,NA
"621",1.29818250772301e-31,1.92306515726081e-09,4.63841142901741e-12,3.17970219993838e-07,7.87655633722219e-07,3.20697438792853e-07,2.00996297549983e-52,NA
"622",0.00253451833934447,0.970175433787632,2.76115668081434e-06,0.157501406575555,0.167823406507358,0.157905871701098,3.31020539445021e-08,NA
"623",0.20505205658487,0.999996805954771,0.00433344699273736,1.0773785178452e-15,4.54241790348066e-14,1.45960750222141e-15,2.89965364761406e-86,NA
"624",0.0169427858480728,0.999999602642756,2.01990150094448e-05,7.51825969986606e-27,1.19719920176175e-22,1.17840908202398e-26,0,NA
"625",2.73847815134173e-07,0.747079425313567,5.30973409765158e-09,1.14101043657417e-22,4.86927690797166e-21,2.2148378308859e-22,0,NA
"626",5.93304581483338e-05,0.999768782015915,1.32162157599052e-05,0.000857719982532857,0.00136114374534703,0.000845002277596821,6.40149824155578e-15,NA
"627",0.309498023369414,0.999987529933075,0.00673006638371376,1.65530366961242e-06,2.66650336508757e-06,1.67134192739591e-06,0,NA
"628",1.49828000392333e-05,0.965753221758413,1.81114508372158e-08,0.23299461192131,0.2475424208775,0.233035138099424,3.22078503855779e-20,NA
"629",1.55924092823847e-25,0.000175676036985012,2.20011024997452e-11,9.92774186431335e-73,1.20073311003722e-60,5.4184065074129e-71,0,NA
"630",3.43783466627428e-19,2.42647004498889e-08,1.5473308888573e-11,0.00163892721654311,0.00236451951151505,0.00162031712750618,6.83021108549988e-60,NA
"631",0.0202116944107228,0.993637386085689,4.28323888290371e-05,2.60444624708573e-10,8.51545304421191e-10,3.79992357436256e-10,1.7192976065586e-121,NA
"632",3.00756748154189e-19,1.84258851523823e-08,6.68018208004888e-12,0.00291925804828741,0.00419809983088251,0.00288612380302996,2.16095086624116e-309,NA
"633",0.000747974970873847,0.99999995638238,1.149910954113e-06,2.48999952176635e-17,1.6583983551995e-13,3.25925564802131e-17,0,NA
"634",7.7774663548182e-16,2.38738792252158e-08,6.35335840735584e-11,0.00139063467667321,0.00178591529633425,0.00138067338462958,2.31094948061687e-56,NA
"635",0.338316048792847,0.999919168877038,0.0128451151775204,0.00290607697716436,0.0035165002336419,0.00295847209831971,2.12985354211685e-80,NA
"636",1.6121731567374e-18,1.1908322549287e-08,8.49672238756483e-11,7.17293558349893e-13,4.32781790954295e-13,2.96701150673240e-13,0,NA
"637",0.00830003194881517,0.999999644912471,1.53886162679853e-05,4.20029296034987e-21,1.34056428577281e-18,3.72639508746121e-21,0,NA
"638",6.35674202251825e-23,1.97892251175006e-09,4.43482389334299e-12,2.81697484074951e-05,5.03593063116304e-05,2.76178397220666e-05,6.61115130853468e-113,NA
"639",1.08045001743599e-13,0.999978135450731,2.08655130023677e-10,1.48310070752569e-45,2.69313650187352e-38,1.51023193314108e-45,0,NA
"640",9.86647012681712e-98,1.0426493366155e-11,3.25803874172052e-15,2.54620834885686e-12,8.99840272543012e-10,2.5246010578451e-12,0,NA
"641",1.60825172700654e-299,1.27355420759271e-14,4.24131560330845e-17,1.83117984956103e-57,1.89999604922632e-46,4.43172182441758e-57,0,NA
"642",9.6806564147236e-06,0.854795446061158,6.08589047653431e-08,3.62106382887543e-21,1.57407795362737e-19,1.03093616872541e-20,1.44039508088424e-171,NA
"643",9.08590932788906e-33,6.2994079864644e-09,6.84013423255739e-13,0.000924193923531749,0.00198710932910332,0.000916792947046807,3.07608107403798e-135,NA
"644",0.396752156593224,0.999999995922106,0.0453870784802091,3.97605331757462e-27,1.02801214119985e-20,4.44093664910732e-27,0,NA
"645",0.0245496857302162,0.999989782658959,1.03866601988528e-05,1.9221162038037e-05,5.10085692725697e-05,2.03395096311516e-05,0,NA
"646",1.84339841652014e-17,4.61958313440563e-09,2.74870830492907e-11,0.000180125729477713,0.000238545413313142,0.000180029758988652,0,NA
"647",0.0119346108514035,0.999998690882359,5.04438576817256e-06,4.57336125187247e-24,7.37543669663851e-21,8.4366643962451e-24,0,NA
"648",4.09956318058716e-14,0.263928347854741,1.69015142207e-10,0.579348547310211,0.606001426958098,0.579371673992139,0.0721281945709531,NA
"649",0.313196836946541,0.999999913451255,0.0282096299807617,3.23122316955889e-18,4.66251655225171e-15,3.4593275012436e-18,4.92312106587537e-230,NA
"650",4.09603102188181e-08,0.99984791749192,5.84919713123575e-09,2.32419493169548e-36,2.16425109665873e-31,7.08556432737032e-36,0,NA
"651",2.09825432623991e-07,0.172505594973695,4.47036543653357e-09,0.780782530541442,0.78797049650464,0.780821851786263,0.113804021792171,NA
"652",0.00424717018527703,0.999996690046942,3.18389743676635e-06,1.64214634888328e-06,6.74300463873239e-06,1.67210001156063e-06,1.82404771240812e-66,NA
"653",5.76291238933465e-96,2.40663623440786e-13,1.51507868205975e-15,3.53873772030409e-26,1.31712388242602e-23,4.33401062618686e-26,0,NA
"654",1.3940017791902e-34,2.17548189307532e-10,3.03226268396707e-12,3.47473601520121e-11,9.52190513985254e-11,3.66909057241771e-11,1.00194075057126e-81,NA
"655",3.32458180117403e-10,0.00529155392669801,7.59693845212036e-09,0.609934187602244,0.623373060040155,0.609703773483167,0.313590394883,NA
"656",3.32995359408499e-07,0.971621646814532,5.47937815581757e-08,9.62228721282254e-08,9.93560348666496e-08,7.00845297637512e-08,2.55435427546247e-106,NA
"657",0.0169536510666277,0.999999505983844,7.93434813126584e-06,2.0459404802494e-09,3.16423138830392e-08,2.19736206527735e-09,3.55967159635332e-269,NA
"658",2.35749579591495e-18,5.4378397038465e-07,7.93951951377628e-12,0.0730690074398339,0.0880627994406171,0.0729579563408597,1.70777394731986e-263,NA
"659",0.0688346948444295,0.99995764322009,7.63801911198859e-05,0.000789173383119041,0.00118128344085002,0.000811046921943626,0,NA
"660",0.078290147356489,0.99968893654896,0.000228076796444757,6.06102657464186e-10,2.10529223263338e-09,8.30270013018453e-10,7.60247181156541e-198,NA
"661",0.649680384580837,0.999999733419216,0.221901951109741,4.03259713775201e-15,2.32598552355406e-13,5.19171413828061e-15,9.08456455732545e-104,NA
"662",2.28673347350935e-60,0.104387917136905,3.08622173142984e-13,4.7864879470478e-124,6.72174704985667e-91,9.35102723190379e-124,0,NA
"663",9.49312008154872e-08,0.999999812509585,6.63906526410571e-06,8.01606916941059e-14,1.79457306776097e-11,6.99295299134221e-14,4.22193770463998e-106,NA
"664",3.92657038376283e-25,2.47711937539056e-08,2.864234022391e-12,0.00509233066630011,0.00773429080061885,0.00507516648969109,4.58437809166555e-35,NA
"665",1.28034309948734e-13,0.0136286891600629,5.18245926489729e-11,0.998816397494676,0.998858680492134,0.998803235439839,0.979612474204526,NA
"666",5.59378734695886e-168,2.02344761091902e-14,1.03132268820879e-16,1.08162168708277e-48,4.48136866442211e-41,1.45366214532452e-48,0,NA
"667",5.2080532713959e-22,0.999945806563194,1.72010188224111e-11,1.81153908208057e-54,3.77104296948016e-45,1.23081016354107e-54,0,NA
"668",6.6632740101506e-39,0.0119684368589783,2.38771390464794e-12,0.874702904731842,0.890596980318434,0.874682237364935,0.449683540183832,NA
"669",0.534239344820038,0.999998326176028,0.0607540031017029,2.08892079881546e-07,6.9363642346176e-07,2.32887027084932e-07,6.45843542757091e-254,NA
"670",0.213548800538802,0.999978456372305,0.0020543595078822,0.00010828629345499,0.000184839926391701,0.000114208059816948,1.73223530203686e-80,NA
"671",2.92398185242619e-30,1.18999737790568e-07,1.66214249354226e-12,0.0150604849461487,0.0250320256316576,0.0149866802869055,8.61679747768326e-27,NA
"672",3.98552936679818e-69,0.99999999842909,1.01988159080886e-12,1.13795370279317e-173,1.75842026375377e-90,8.54271807321968e-177,0,NA
"673",4.06199779478365e-31,4.37031724246584e-08,1.02100937903992e-12,0.011337279354859,0.018591415393265,0.0113484129225566,1.79415387991513e-31,NA
"674",9.56743187417499e-27,0.989036795526038,1.59175319776603e-11,1.41296075797435e-74,2.03643780200952e-59,3.7967663634087e-74,0,NA
"675",0.000300436810040723,0.972487860016242,1.50095964990627e-07,0.187667362786954,0.200597652065463,0.188072097078116,1.20369575275486e-141,NA
"676",0.198619021876497,0.99999990082206,0.00207482618500058,8.29189549790245e-15,1.69200387917828e-12,1.03300253379482e-14,5.61347766538711e-196,NA
"677",8.1344239580373e-05,0.442681180773762,1.98843648683006e-07,1.54954169366643e-14,8.91529150561843e-14,2.82285480312348e-14,2.30134869281251e-192,NA
"678",2.02027701418738e-14,7.61603675084058e-05,4.34472714292653e-11,1.87814311495498e-40,2.81053926003872e-36,1.64110427387655e-39,0,NA
"679",1.35117718723986e-22,7.09651332451784e-09,4.10682567469005e-12,6.0295722169446e-45,3.92068351861658e-41,6.07739203769731e-44,0,NA
"680",0,3.17896984722615e-16,6.03084690845326e-18,1.38147656202012e-114,2.65612308969635e-105,8.44749446529555e-113,0,NA
"681",4.46509903020243e-12,0.984354970145905,2.35532032587286e-09,0.17276182380153,0.189410689268621,0.172625422006882,1.62877508345507e-05,NA
"682",0.116934876347683,0.999999833377957,0.000314598924710769,4.73829189194295e-11,1.09617304035779e-09,5.5122396260664e-11,0,NA
"683",0.0254632223968324,0.996843256477259,7.05944035521665e-05,0.114377411096464,0.11859301138814,0.114138486367213,2.19276929820515e-14,NA
"684",0.273834605045922,0.999996154736035,0.0086868945873491,5.73806253960896e-08,2.6929548437711e-07,6.28684853897547e-08,1.28181956769583e-54,NA
"685",2.15451745754205e-12,0.999971018415951,1.42149749633724e-09,3.23495102103853e-06,4.5699776389078e-05,3.30038133960087e-06,2.85943632740927e-37,NA
"686",3.74150436528923e-05,0.999996810295665,5.16177372053375e-08,2.69967384923958e-28,1.1304623916793e-24,3.62259479270596e-28,0,NA
"687",1.76623036307732e-34,0.765508854528366,1.43378629437955e-12,0.216053057041239,0.282707434397295,0.216104065207475,8.24908120822161e-14,NA
"688",7.46964136905935e-76,8.67400776543046e-13,1.27048348176325e-14,2.29644758871219e-24,4.96939122729695e-23,3.37009701038837e-24,0,NA
"689",8.02090322339157e-09,0.00111735071868161,1.32937082029952e-09,5.20043407355751e-23,1.6709081756944e-21,1.61571264980224e-22,0,NA
"690",5.71162986019516e-16,1.34417811419309e-08,7.44519306494409e-11,0.000256714278882603,0.000340501056732158,0.000251245996142801,8.2673917708648e-78,NA
"691",3.58839796539434e-28,0.997564842491823,1.01689696823326e-10,2.7874638898822e-92,1.23101109990951e-68,1.42882336681459e-91,0,NA
"692",1.58380801906675e-14,0.999163392313081,4.44059764602523e-10,0.00236095680450768,0.00662777387396648,0.00238709573854561,5.05989979985948e-14,NA
"693",0.0139417854239096,0.999867147384691,4.83531499076293e-06,0.00304692269533535,0.00431263375573366,0.00312227354052032,2.82007046976779e-302,NA
"694",4.57261676063283e-163,2.91531135851736e-15,3.24961614195168e-16,1.7934451008474e-125,1.41487182969093e-119,2.4822632811272e-122,0,NA
"695",7.23157223467631e-120,2.61406738840996e-06,2.60987549237233e-11,9.91152254824477e-44,4.1422633737186e-41,7.90254639019592e-45,2.58816073947334e-160,NA
"696",0.0164705911696938,0.998491863532168,1.36314982632243e-05,1.96918739363878e-11,8.3567379678664e-11,3.03661163723647e-11,0,NA
"697",1.39523017118533e-183,5.48894317430901e-15,4.21816720187661e-17,5.8920931795829e-67,2.0746293847087e-56,1.63764574452178e-66,0,NA
"698",0.864201561982701,0.999998896550172,0.604319807066239,4.95997966794103e-08,1.55810689249222e-07,5.68458172113966e-08,3.03081342114245e-130,NA
"699",9.7229947302342e-07,0.978071811935891,1.5201176553983e-05,7.9119729416347e-06,7.63703478948213e-06,6.23806594116602e-06,5.08372534926756e-28,NA
"700",0.648350904409979,0.999999793411653,0.149817270953821,5.19720473195127e-11,4.00784647199043e-10,5.76862074949644e-11,0,NA
"701",0.72355106065353,0.999998642315125,0.278971130201314,3.25454278979365e-09,1.42996470394392e-08,4.09575264148262e-09,0,NA
"702",0.000447391271787213,0.999988528987108,1.51447407331904e-07,0.000213235301586741,0.000454092356976346,0.000215569861456554,1.48031818375612e-197,NA
"703",0.000298949144547553,0.999997426811661,2.7040603104896e-07,1.35437938117944e-08,2.72703639843506e-07,1.47191671424215e-08,0,NA
"704",0.00934471781110791,0.99979558472282,4.85151393009812e-06,0.00699711304744477,0.0089815917225517,0.00708602279839431,1.41943418244416e-37,NA
"705",0.862671440560693,0.999999780528455,0.544013843201699,1.77711888514541e-08,7.33568085665541e-08,2.04108645511027e-08,0,NA
"706",2.09962059904974e-52,8.09075823687768e-07,6.15389085446182e-13,0.176684859665681,0.205851847257264,0.17698594265259,1.813831685297e-15,NA
"707",0.0257632128892102,0.99928723677858,0.0001151022496983,0.00238155096627351,0.00338335019034146,0.00243483495672676,2.95391705624584e-17,NA
"708",0.60797302981726,0.999997339110696,0.115662790487999,1.86999732017925e-08,6.01503544855307e-08,2.26047609868774e-08,0,NA
"709",7.09487491967435e-19,0.0016211815192086,1.18551177671833e-10,0.621987189948808,0.646914296307598,0.621988438906427,0.173039828856727,NA
"710",0.0192677937841304,0.986278894254145,0.000324476257340712,0.0825398798131639,0.0874803428754712,0.0823778743715861,0.000299764161942224,NA
"711",4.06402462124562e-94,4.71484256631619e-13,3.12061923826346e-15,3.39386473373449e-30,5.53328292933303e-27,3.92810897635251e-30,0,NA
"712",1.54413240560623e-09,0.00120456457741664,8.82758159237883e-10,0.597461758449329,0.609885846503902,0.597300403970718,5.65036418599851e-05,NA
"713",2.00776554902916e-48,3.56722315647395e-05,2.68190975848813e-13,1.9808181125946e-112,1.78568961789461e-86,3.26456284075699e-111,0,NA
"714",3.27565465735472e-11,2.00348599855074e-06,3.63666058226233e-10,0.0878353370436843,0.0955536620691843,0.0875965844332777,1.21835578826997e-99,NA
"715",7.56438248801415e-06,0.950450187595058,1.83513399670297e-08,0.194938462987217,0.213267432704605,0.195146248498239,8.87566462349042e-11,NA
"716",0.00540735241989055,0.999995427064679,1.27938935856918e-06,1.46529642697587e-05,4.31772330507041e-05,1.50985910120939e-05,0,NA
"717",2.53488258823724e-08,3.85081057606799e-05,4.49987530664015e-09,7.91981824375203e-21,1.76824381833942e-19,3.79127987058478e-20,0,NA
"718",1.11969260347073e-39,5.49842607280557e-11,4.84432491224708e-13,7.50120936801082e-13,3.5876945188769e-12,7.66056468331523e-13,6.85506203561785e-213,NA
"719",3.35653906234322e-26,1.28213057966058e-09,2.2139208494199e-11,8.28437970540218e-36,6.3837978400885e-34,6.36211955718002e-35,0,NA
"720",0.162662243318232,0.999971194575875,0.00181531611063068,5.83502812283835e-12,4.44556732195924e-11,8.12174976368928e-12,1.45297202983493e-148,NA
"721",0.761343963396218,0.999999999314005,0.45350835025821,3.93349359765366e-39,6.21782461772216e-28,5.82951432800378e-39,0,NA
"722",6.26644501933165e-05,0.999734949200449,4.03932799009911e-08,1.09297295067746e-23,2.23066195216109e-21,2.22801779819776e-23,0,NA
"723",0.826084617004474,0.999988661964324,0.589826681985773,5.04478002008711e-07,1.31118460107024e-06,5.6830671857361e-07,1.75503888380274e-22,NA
"724",3.54473328338932e-85,3.19893787025547e-12,1.0689181637453e-14,4.57508067826117e-79,3.47905146744244e-74,8.50040590388179e-80,0,NA
"725",0.783369764793437,0.999990098420156,0.449827218519444,4.52653081322323e-06,9.18756392025941e-06,5.0106567293656e-06,3.12960515880698e-31,NA
"726",2.9593077927201e-07,0.999906810447523,5.98628914628845e-09,1.83938114045857e-31,1.15550338026679e-27,3.71723990110873e-31,0,NA
"727",3.69917747391947e-121,2.01965994495985e-08,2.68066416848624e-14,0.0100334368970177,0.0256368021438972,0.0100622807519282,5.31958948487262e-33,NA
"728",0.00144554291593215,0.999986540866512,2.36316247720196e-06,5.91018583830674e-26,1.34647943566392e-22,1.1362220030581e-25,2.7056010964762e-169,NA
"729",4.09152039723568e-19,0.0120128944173275,1.47816368122097e-11,3.14708150923825e-58,1.43386446618436e-49,5.54248348698907e-57,0,NA
"730",0,3.1417900665798e-17,8.76465432201005e-19,0,0,0,0,NA
"731",4.16091196899897e-85,2.88868337312308e-11,2.08278849145394e-14,2.62479593759179e-14,6.18953013406891e-12,2.56197407295804e-14,1.18032196079108e-123,NA
"732",3.40440483617414e-19,4.09486642052598e-08,3.01872226915729e-11,3.76441805154751e-28,5.77348991515442e-27,4.3603221764044e-28,0,NA
"733",1.32346211996448e-181,1.21133034824619e-09,6.92691072220345e-14,3.66808151247556e-110,8.18195730524555e-94,3.03244416524722e-112,0,NA
"734",1.79416231988186e-13,0.999998919349902,8.16348742979469e-10,1.04443557093394e-72,6.02267715027433e-53,2.98481073540256e-72,0,NA
"735",6.67487921173868e-32,2.31826300474447e-09,5.25020706163118e-12,2.56225854961041e-07,6.91520347551686e-07,2.5293378051732e-07,6.46834111630034e-33,NA
"736",2.57463855307962e-12,0.0380532585887127,2.08467366130091e-10,0.924956756201358,0.928399256510628,0.925132389481857,0.686538997819569,NA
"737",9.2212780084916e-12,0.995939176144549,3.9521886852651e-09,0.010003060353957,0.0185539240989701,0.0100805432566631,3.8897669497363e-09,NA
"738",6.13762442424537e-06,0.210742001103402,4.41590698758413e-08,5.48583956915545e-19,1.02203235829333e-17,1.5482682851896e-18,1.12716466058076e-197,NA
"739",4.13338649216346e-67,7.25915892573314e-12,8.50408923170845e-15,1.14734295181892e-13,8.4111740986603e-12,1.09540389288667e-13,0,NA
"740",1.35282300735513e-19,4.97841371256297e-06,3.63522149419554e-11,2.11243061091788e-48,3.65439091919185e-43,2.84778213092905e-47,0,NA
"741",1.63274766544871e-17,5.61153072816103e-07,2.54793191701912e-11,0.0389152483447116,0.0480372899309439,0.0387921722544684,2.01412778611803e-22,NA
"742",0.190844583653772,0.999999999334294,0.0107142980485643,2.82306667050565e-46,7.75359219527876e-30,2.13711692731074e-46,0,NA
"743",0.521998047955457,0.999997179098309,0.0639503192739313,2.74012052309188e-10,1.5930765431083e-09,3.39921279492665e-10,7.38988406204645e-194,NA
"744",2.29823454547586e-08,0.999907804427834,1.76175430046831e-09,4.62759006703152e-41,9.41495515530352e-35,1.94784732451331e-40,0,NA
"745",0,3.32575077120544e-18,1.7098810039546e-19,9.88131291682493e-324,0,0,0,NA
"746",0.16617419715054,0.999939214779081,0.0021585858907289,2.7465080323224e-10,1.16264618213615e-09,3.48164887794885e-10,1.65296007048067e-152,NA
"747",0.300059097222109,0.999999969071975,0.0225023627626463,8.40409406663861e-36,6.53643615753626e-27,1.52270767978526e-35,2.30267297143226e-190,NA
"748",9.74297406977907e-10,0.915859480329793,8.22654289763995e-10,5.44490794008655e-31,4.93794276188261e-28,1.4427476777688e-30,0,NA
"749",3.38953449729149e-07,0.331915222982953,2.9797228345771e-08,0.663193643755253,0.672997084774503,0.66316583800621,0.279528649575008,NA
"750",9.45980705169791e-14,0.999016945829784,8.71795338196471e-11,0.0140823418387668,0.0257069416145139,0.0142490074080207,5.74662153074125e-63,NA
"751",0.0025326316115038,0.968370259965073,1.090779831425e-06,0.21374980001264,0.223993334442903,0.213684078947675,2.5155586664651e-192,NA
"752",4.37384785708771e-15,0.000448903184560148,5.80297423419132e-11,2.19389302958699e-41,4.80392907950874e-37,1.23435940701384e-40,0,NA
"753",0.0078373360017159,0.999581040825254,3.41416596257756e-06,0.00902694969695059,0.0116640305782412,0.0091404418748792,1.21105163077703e-45,NA
"754",1.77806472629368e-18,0.247311907357783,3.99095701228862e-11,0.539059851674719,0.575750906980839,0.539093975523122,0.0600795213434841,NA
"755",9.71710125842625e-19,0.999953514311779,2.0958482644625e-10,7.80544592198437e-33,2.42481477774833e-29,3.59224412679579e-33,0,NA
"756",5.12153743333091e-10,0.540123141403933,4.30428880150558e-10,7.2439982496141e-34,2.32370443469761e-30,3.48283150316916e-33,0,NA
"757",9.80792441676599e-06,0.999999354767097,3.26431330610772e-08,4.37106714652369e-33,5.45728862894349e-28,4.8672334985847e-33,0,NA
"758",0.571652267721583,0.999994654895798,0.0891541292042087,1.56929854445229e-07,3.78184642076917e-07,1.77394356324413e-07,0,NA
"759",3.21052323370856e-05,0.784447486416756,3.77978943011436e-08,0.4132327261069,0.426910121335408,0.413962520968228,5.82700235187304e-42,NA
"760",3.2787414393384e-39,8.91132938094356e-11,1.72273611976043e-13,8.06573678760613e-08,2.4821382620177e-07,8.18112701956165e-08,2.32299682182985e-198,NA
"761",4.08412183773194e-06,0.999998046309335,2.23298011112268e-08,3.93138298880025e-42,3.11686206158687e-34,1.15661939140676e-41,0,NA
"762",2.0423076979667e-14,0.999993919160223,3.21826336246578e-10,2.74147492001129e-07,9.00638266126108e-06,2.78489700307294e-07,0,NA
"763",0.00179361399055774,0.999824312777422,4.46970756386969e-07,4.23163443049275e-17,8.47483143041003e-16,7.4607933905254e-17,0,NA
"764",0.00207853510333384,0.999837545542282,1.93844409235455e-06,3.17982078072783e-20,2.7606093283056e-18,6.18237800910471e-20,6.03917535747992e-199,NA
"765",0.0648830237588306,0.999626695897847,0.000109340540808889,0.0111899915454127,0.0133449656547875,0.011358894802032,1.96097866543902e-68,NA
"766",3.29084709084293e-20,0.000425196216708473,7.84248935059963e-12,0.704850847888587,0.721437977438784,0.704899797242403,1.82968074713576e-20,NA
"767",0.0126474018413195,0.999941393554296,4.59042541742833e-06,4.87640324343654e-15,6.47590931326688e-14,8.2189545012008e-15,0,NA
"768",1.11772142392718e-09,0.725208111637085,6.76405806245242e-10,0.387816125542576,0.412418406037934,0.387947656760558,8.84956094896307e-13,NA
"769",0,2.64410390466801e-15,2.69926182561969e-17,4.56061478183716e-69,2.42091290917743e-87,7.77226822495746e-88,0,NA
"770",1.59354876871992e-25,5.37015405439313e-09,1.62098526583212e-11,1.63344542569956e-06,3.49925737588314e-06,1.58465292512495e-06,1.78395401424357e-29,NA
"771",0,4.02573013088478e-19,9.02433123577589e-21,7.5953559491949e-250,0,0,0,NA
"772",0.28348126811172,0.99994707846133,0.00715580016077611,0.000337996139730373,0.000504379675514582,0.000354960210557886,1.32158181269156e-81,NA
"773",1.87900017454092e-48,1.80776467370515e-11,2.94422658729176e-13,1.5403777376635e-19,1.84409185557113e-18,1.79581552118692e-19,1.82334813140623e-200,NA
"774",3.05424020036534e-18,3.0438613803769e-08,1.63163014928029e-11,0.002548425142138,0.00358785561139311,0.00251990017899509,7.09459694323315e-59,NA
"775",2.01041053569068e-24,1.06899087243567e-06,5.09737880797805e-12,6.99627124316931e-33,4.07035025165301e-31,3.33536843508525e-33,0,NA
"776",0.0565324548079043,0.999999887000162,0.000113446413282628,8.25536689926514e-14,1.28066075099728e-11,9.4994719032196e-14,1.97626258336499e-323,NA
"777",0.00544394964015142,0.999705429031008,2.69656282064141e-06,0.00402060693281294,0.00572822311040559,0.00408131921308806,1.22152029842226e-60,NA
"778",0.411441671878261,0.999998910920929,0.0225282160945003,1.12993427515775e-08,6.37228475713922e-08,1.2832674717239e-08,3.85605208367706e-213,NA
"779",0.199178996944327,0.999999977792777,0.00755638538615093,8.16737425523946e-29,4.75299785312256e-23,8.07992207264233e-29,1.90750481699497e-254,NA
"780",9.4594706647953e-05,0.994684002287356,1.18115679288733e-07,0.0563758750028886,0.0665607970370534,0.0568131396035786,5.95577097039426e-18,NA
"781",0.904472718975667,0.999998067279421,0.687253436928959,9.66643230912459e-06,1.77370723883472e-05,1.06362423131346e-05,5.21470962427234e-178,NA
"782",1.32883462077332e-47,4.00553523612743e-10,5.53080923606078e-13,1.27609081288699e-93,9.67523086077449e-81,2.56321067880134e-90,0,NA
"783",6.23708088453307e-05,0.994613372306175,2.24684822163084e-07,2.85340336868112e-22,2.80195084524976e-20,7.10577487494337e-22,2.28970621873716e-152,NA
"784",0.0432140203483277,0.98697976843048,0.000287110260222279,0.0749215401297672,0.0805812661522092,0.0753512403750352,1.43513728136326e-05,NA
"785",0.231879325908437,0.999989346536828,0.00204451351180414,3.5757398035298e-05,6.9082317506511e-05,3.79703542644213e-05,0,NA
"786",0.835363455943081,0.999997467174474,0.572546289214502,2.60361625248448e-08,8.72861160779102e-08,3.08432894819838e-08,1.55922206353242e-51,NA
"787",9.37068680709345e-05,0.999996246268233,8.25446689286478e-08,5.76125028389897e-06,2.52085303099081e-05,5.87679466913002e-06,0,NA
"788",0.687772638377908,0.999956385855258,0.260231186290658,1.64846681764561e-05,2.64895828971817e-05,1.83744561809972e-05,8.06420502813769e-90,NA
"789",6.31476822249461e-10,0.981629261990552,1.87184005350436e-09,0.121319747657765,0.14193850761477,0.121403499651232,6.15809529656316e-07,NA
"790",3.60746134309498e-13,0.232721518463141,1.42339692837019e-10,0.67926368509113,0.693205117962712,0.679449141379282,0.00096747187782753,NA
"791",9.00298699284089e-34,5.03132824993842e-09,4.69353465747677e-13,0.000966451125548411,0.00214012691252832,0.000959687878128541,5.39523392044055e-83,NA
"792",7.21259584131571e-07,0.999669636933741,4.6696075282035e-09,8.0951297092781e-31,3.1858374916582e-27,2.79904995688911e-30,0,NA
"793",0.761235667870562,0.999999120885252,0.377814452129476,8.51244605303999e-10,6.24319115602406e-09,1.02111211687644e-09,3.3164849083617e-65,NA
"794",2.54132072061751e-17,0.0636665312280745,1.70622686866649e-11,8.34013973702013e-53,1.94221817800334e-45,8.23219751536159e-52,0,NA
"795",0.0354644460732519,0.999994128109096,1.9842830176238e-05,4.38895161123489e-17,1.90558116781752e-15,6.84700653308179e-17,0,NA
"796",1.50478826412393e-135,2.10922497635795e-05,1.21605830220587e-14,0.535074142668527,0.618937238827806,0.535009192625956,0.0168402544441469,NA
"797",0.00364327546508147,0.980936232650073,7.41287979001151e-06,7.06697252967475e-13,3.86193051815242e-12,1.24008079776333e-12,3.61619244464658e-117,NA
"798",0.00269405928977011,0.994135559800104,2.76393000711139e-06,0.0570100548990889,0.0645984434915099,0.0572858719924303,1.71868412969295e-14,NA
"799",3.93605887192223e-05,0.993087239036439,7.11466134539572e-07,0.0230275498573976,0.0300482064445302,0.0232706996622186,1.51762964021005e-05,NA
"800",0.0877582458389356,0.99984993291868,0.000342382622222832,4.8279446907573e-10,1.67961095438355e-09,6.11135936375096e-10,5.61694865709367e-214,NA
"801",0,9.97303207835445e-16,1.30961675027265e-19,9.02555771680576e-65,1.72898560193275e-41,1.86520524358347e-64,0,NA
"802",1.78475780224851e-144,3.14924565989481e-13,3.72995608237589e-15,4.29427039900896e-58,2.8478578966045e-51,1.11263667181839e-57,1.73777743465883e-175,NA
"803",1.06697164421754e-09,2.5348535828147e-06,2.38224715466075e-09,0.0558309603953315,0.0600720187770434,0.0554856327567475,7.49869381552671e-17,NA
"804",0.0131406907864991,0.999644788922279,1.27399415930681e-05,6.19994124543966e-14,5.57117791446536e-13,9.7333906089401e-14,1.01456936070083e-163,NA
"805",0.00524236878969395,0.999989446832449,1.88163497106724e-06,7.01537464521035e-23,3.58021765991822e-20,1.54260903180501e-22,0,NA
"806",0.916644961742361,0.999999536252161,0.711661854157261,7.53480137318169e-07,1.83046204694111e-06,8.50245250366036e-07,0,NA
"807",4.95919556289438e-33,0.999958726167793,5.20229130862871e-11,2.24945266403721e-05,0.000275013575508086,2.23171193344707e-05,9.13865822255591e-67,NA
"808",0.601664110775876,0.999999931872383,0.196745345888636,2.92714328309824e-20,1.50360163388517e-16,4.17786886775366e-20,2.14152034044455e-167,NA
"809",0.260709818415297,0.999988842356916,0.00487430763763425,7.96754895721507e-06,1.82602255527724e-05,8.56393687321325e-06,8.95552250718633e-89,NA
"810",0.427252218939378,0.999838426113748,0.0344315270261774,8.14314254046788e-06,1.32217413811609e-05,9.35802840756351e-06,0,NA
"811",1.21869891067265e-78,1.84670311020447e-13,1.20635891709523e-14,6.89975094135176e-63,1.67553446893927e-61,5.58426746010286e-63,0,NA
"812",8.79839096275415e-05,0.984898497550762,1.40819908725512e-07,0.146613932674487,0.15835685855658,0.146521143444428,1.63039704278511e-15,NA
"813",0.0669504382507424,0.999999693001754,0.000123242766501147,7.91577464114255e-23,1.41033744943579e-19,1.26183287650333e-22,0,NA
"814",9.23671579387806e-11,0.0534421874169066,2.41692155170045e-10,0.881035869647699,0.886782202805383,0.881037844231326,0.355524285069076,NA
"815",1.15323742974596e-07,0.999833356238651,3.66701161633134e-09,7.45073313288965e-35,2.78798683188698e-30,1.84577929230129e-34,0,NA
"816",0.221138932503149,0.999998517610715,0.0115956488260778,1.88349021745689e-07,6.0510721560755e-07,1.81025839341654e-07,1.25629186575906e-45,NA
"817",1.58212364373695e-24,0.000781041723263485,6.60397033944512e-12,0.720473058227773,0.743146025351637,0.720429210188872,0.0257713323181652,NA
"818",3.20972773273556e-51,6.07022281352805e-09,1.49497343135103e-13,2.01276633156846e-112,1.23618899249652e-90,2.06880355350848e-109,0,NA
"819",0.130064075829654,0.999984811413265,0.00222181543518256,0.000101111998459962,0.000161024852690774,9.98534146756181e-05,1.36712739668144e-28,NA
"820",0.40479579000352,0.999999568552661,0.0238534807475451,5.34703990117479e-12,5.01933986092548e-11,5.59792343507363e-12,5.86198735432639e-188,NA
"821",0.165713972476084,0.999985301082633,0.00101576731092679,3.67039603506308e-05,7.24061056342818e-05,3.84438584306682e-05,5.31066750948286e-106,NA
"822",1.20087167159252e-43,3.66998177431727e-11,1.04962805636365e-13,2.98139063270596e-12,3.08944627324815e-11,2.85824902316e-12,4.86277086906626e-221,NA
"823",4.64298986709215e-12,0.000665412471376912,3.12085754818213e-10,2.0232648549799e-36,8.97333275993084e-33,1.87202747515699e-35,0,NA
"824",5.66406822865276e-12,0.100474540821577,1.96079993278599e-10,0.778774740622709,0.790553464205964,0.778671727728819,0.201367016646641,NA
"825",3.12568832941454e-09,0.999999999178815,1.17657665150083e-07,1.23797202371517e-74,8.60561317328538e-47,3.01404459214473e-75,0,NA
"826",0.957734957106116,0.999995989546743,0.867171829931624,2.94959451456916e-05,4.83329201159926e-05,3.24657710610848e-05,1.09010752942096e-29,NA
"827",0.000216824871510695,0.989860942380361,1.57386004039446e-07,0.199054393404199,0.208108796683918,0.199004381071865,9.30698723975186e-34,NA
"828",0.00680891742251065,0.999969235674992,2.32410836144365e-06,1.201279756656e-18,6.70566836902613e-17,2.03880514750455e-18,0,NA
"829",1.86489672595934e-19,2.33129037808738e-06,1.74483572884926e-10,0.0447488702344624,0.0528377762967264,0.0447505844395197,5.88671555885082e-08,NA
"830",4.57272964655872e-188,2.8864561497179e-13,2.46625993091109e-16,7.09190327601043e-26,2.89112460223167e-20,7.64186061712806e-26,0,NA
"831",5.66000507658971e-14,0.21495370584945,1.06102653776813e-09,6.54478859434319e-44,1.54411294265138e-38,4.79562130646574e-43,3.97413265233877e-206,NA
"832",1.10879503909413e-07,0.99035122899325,1.86216790458812e-09,0.0995488022831311,0.118187791230919,0.0996309028466115,1.3922206676464e-32,NA
"833",3.00034769989439e-78,9.76461890539183e-12,5.42378681844877e-15,5.40247613727157e-12,4.62983009292135e-10,5.43864846984245e-12,0,NA
"834",1.91471250503805e-10,0.966229329870514,3.04734715848411e-09,0.0830005070803909,0.107122527005148,0.0831696362644753,9.84397299621312e-05,NA
"835",0.016362500206469,0.998745313303712,1.25942320948625e-05,2.23364234914606e-11,9.21065793338073e-11,3.26986788636137e-11,0,NA
"836",0.0234853876281803,0.999962921209859,2.10503482851958e-05,0.000125678449091569,0.000250810040450155,0.000130253368099481,2.47383690072223e-42,NA
"837",3.99955682239435e-19,9.24117903076367e-09,3.39611950343264e-11,0.000330897064948403,0.000445143416774875,0.000330765900610846,1.75027648088831e-44,NA
"838",0.000439874119305348,0.999996877215203,1.89385736375028e-07,2.36691566070017e-06,1.17571328251889e-05,2.48373189023551e-06,6.38020708946139e-213,NA
"839",6.04818623327851e-264,3.84188870443484e-14,4.2485279305366e-17,2.8590910882733e-21,4.30946530919122e-18,3.51324792802666e-21,0,NA
"840",0.182645199734757,0.999726130938271,0.00317534531121395,5.59063587614691e-08,1.27032684201164e-07,6.67502300578995e-08,4.57029743087161e-103,NA
"841",2.79977812130387e-05,0.999999863956023,8.88909377253092e-08,3.23459029821033e-41,8.77346997247533e-33,6.10022314778911e-41,0,NA
"842",1.1571518673411e-35,1.73572389807315e-09,7.16361649380196e-13,1.03769992096051e-76,1.36613260379633e-66,3.46840054555251e-74,0,NA
"843",0.000775377557239115,0.999999991384145,2.8525683182509e-06,1.50353063859596e-48,2.41046462335289e-35,1.38255199197973e-48,0,NA
"844",0,2.28840007036765e-15,1.09829156447498e-17,2.86208919398209e-271,2.48621458865961e-264,6.8889673059786e-288,0,NA
"845",3.12795086349685e-36,0.929767678896809,3.06486223351597e-12,1.12334157379789e-94,2.03448773767376e-72,6.2572193936834e-94,0,NA
"846",0.0276734575487428,0.999999918588,0.000291320121286236,6.15187567010312e-37,1.72697653473588e-28,7.34793356175549e-37,0,NA
"847",0.169712517233783,0.99992242242494,0.00105199167468062,1.08244460225196e-08,2.93137100922734e-08,1.38791696783017e-08,0,NA
"848",0.16761623452716,0.999977058449978,0.00196447853864702,1.65837966311493e-05,3.61357397326959e-05,1.75213632681611e-05,9.52336694147911e-31,NA
"849",1.43958197542743e-06,0.999989354756527,1.11169054917216e-07,5.60741914292732e-06,2.629807159161e-05,5.58683537936058e-06,4.08992469753648e-70,NA
"850",1.77131119597088e-05,0.999392840674859,7.16039825503242e-08,0.00361941856743705,0.00624615122719307,0.00366245724582105,9.55196416138802e-25,NA
"851",0.60718748287782,0.99999490002464,0.129027341647103,3.57252296729254e-06,7.855874142584e-06,3.90144059246759e-06,1.08549401441485e-80,NA
"852",1.05578585826085e-09,0.999442831045815,5.89647843819007e-10,0.0091479977659942,0.0162540366636227,0.00922967403258924,3.77106504499366e-211,NA
"853",3.94525771028506e-15,0.999498706724787,7.17782394485551e-11,0.00533812136757117,0.0124637259070347,0.00538840837461951,1.26317217610054e-87,NA
"854",0.000153548101510206,0.999732054114628,8.35553358107148e-08,0.00464085111411108,0.00718892530122159,0.00470044713838635,3.73632559161802e-106,NA
"855",0.000301216913661174,0.997858130791007,9.77834074642686e-08,0.0430387335754532,0.0515951525092002,0.0432205442282458,3.98992156869894e-96,NA
"856",1.19319230404148e-170,3.48681747353087e-15,3.29815971282321e-16,9.05598805830454e-222,1.34486294751139e-181,4.64177191754486e-188,0,NA
"857",9.81843738805692e-37,4.19931924035995e-07,8.70709352318483e-13,0.0550653742346586,0.0807990228470994,0.0555210399448804,5.23824997508149e-11,NA
"858",0.777882312062114,0.999999947832558,0.345743150758454,1.92327169154989e-12,4.70300104135937e-11,2.34836065077899e-12,0,NA
"859",3.63550156487728e-43,1.13817949586621e-08,6.69148859251006e-13,1.15331822573821e-85,5.55757945584238e-73,6.10712893215894e-84,0,NA
"860",0,2.46573638365056e-14,4.47238857459608e-17,0,1.41456019267376e-291,0,0,NA
"861",1.96506916663338e-24,0.000165280269125174,5.69504533040693e-11,0.374073963103287,0.405731872659984,0.374075935030551,0.0082057075849214,NA
"862",7.10412346356874e-10,0.936667869247758,1.04028875150195e-09,0.166721450563674,0.195248975738358,0.166895030399748,2.10803727529556e-06,NA
"863",0,2.3474333610707e-17,4.21057533705618e-20,1.15479451532033e-102,4.73564622530792e-119,1.47970562287166e-124,0,NA
"864",1.23279167059744e-18,0.991585333366211,1.93034561862806e-11,7.59216023520194e-67,5.27086318476337e-54,1.00159759905841e-65,0,NA
"865",2.20094429318132e-07,0.985707471873519,2.8372381246594e-09,0.107042190793877,0.12639808286739,0.107266250657239,5.14037861334966e-22,NA
"866",5.5135670611677e-29,0.853516683225281,7.05563523579252e-12,0.173009571461773,0.229906607689877,0.174000082506118,2.44851446364291e-08,NA
"867",7.88255241244615e-13,3.29983148282136e-05,5.43723667806845e-10,0.168865200299376,0.184789569962023,0.168784757844316,0.000377539354944599,NA
"868",0.0577929071515769,0.999676252405205,0.000111079663725654,1.92818010701533e-10,7.28698203328277e-10,2.63144755136639e-10,2.37045629843583e-187,NA
"869",8.42568039289227e-05,0.999853008804912,6.33407256182444e-08,1.01083457065643e-21,8.63553376070523e-20,1.51542450962533e-21,0,NA
"870",1.4892489340451e-05,0.99999995167623,1.17855735840542e-07,3.94313676946052e-45,8.32605018165646e-35,5.05358480252133e-45,0,NA
"871",3.53783882528355e-05,0.34686008385555,9.40250227991874e-08,0.690306468645104,0.697394336877608,0.690019328709703,0.109613721323241,NA
"872",8.54534428423099e-15,0.640022741041959,6.92589193668621e-11,0.376177725746177,0.412354516793963,0.376188935066577,0.000125350985217296,NA
"873",0,2.37540676263308e-11,9.4488148193593e-12,3.81257962576708e-76,1.68824139033474e-101,1.40095810474555e-101,8.26765215392282e-147,NA
"874",0.000984247571205844,0.832035402304519,6.14342732787982e-07,0.397446782717034,0.407259638669413,0.397517697751006,8.836424349446e-13,NA
"875",0.000269387643413799,0.999913519445621,1.67573569533102e-07,2.16053166946856e-23,5.63785801375743e-21,4.20352743955647e-23,0,NA
"876",0,9.44456852970618e-17,1.11475215695534e-19,2.44303909971656e-226,1.62531099743259e-152,7.79593392752765e-225,0,NA
"877",0.00867400693170766,0.999753970509785,3.07542378655541e-06,2.94641499994498e-14,2.74755353542903e-13,4.63924787992043e-14,0,NA
"878",5.81394128043801e-06,0.958928510622159,3.0465293648775e-08,0.286897807161315,0.298386054703251,0.286880191306772,4.86101571124278e-06,NA
"879",7.00131725143568e-09,0.000988206719263941,2.17183298628506e-09,0.542110518334514,0.553778122907485,0.541988699883247,0.00377653972240792,NA
"880",0.053692054176327,0.999979815326127,5.51726795998242e-05,2.43912596838312e-14,3.52049687645601e-13,3.68735812998106e-14,0,NA
"881",1.14768612426044e-34,0.00244387014715396,4.66027708993964e-12,0.853996922185601,0.869892643294643,0.854023391076688,0.650901182463175,NA
"882",2.11659817860867e-50,1.58709156138693e-07,1.30979870683263e-12,0.00611605731592222,0.0137097639995477,0.0061793479764743,4.52569441278605e-17,NA
"883",8.10606366332085e-08,0.0179332906556475,7.20654046043526e-09,0.860008399766303,0.864066415708595,0.859866343063971,0.552603904977966,NA
"884",2.13333446680761e-10,0.999994557574617,7.62819403164773e-10,2.25395004829105e-05,0.0001190489043611,2.2591325456059e-05,4.21957825580517e-199,NA
"885",0.396200028385403,0.999977660017251,0.0235359143722113,1.09749319508974e-07,2.56734140333057e-07,1.32942479146229e-07,0,NA
"886",0.00206151571565716,0.999994498617287,6.42914677297994e-07,1.59884688790697e-05,4.90794631130944e-05,1.64057511272392e-05,0,NA
"887",8.63316830668494e-10,0.837718247593528,3.49051427438754e-09,0.250051770988057,0.277857597220072,0.250155940381884,0.00169861490896965,NA
"888",6.82746667606919e-19,0.362274218831605,1.93717403391404e-11,2.25267450451633e-43,1.54460131836633e-38,2.77779878802686e-43,0,NA
"889",1.83949592544361e-05,0.999837368933163,1.55153634881593e-08,0.0118076078691731,0.0160686198835366,0.0118291410545724,6.24171369155832e-183,NA
"890",0.0732026393523773,0.999984574596215,0.000349370780571968,3.58804352849251e-16,1.28494996632231e-14,5.3169183250857e-16,2.15431090118304e-105,NA
"891",0.00100628425243877,0.999218904994052,4.19365882797244e-07,0.0142876389022618,0.018594673651399,0.0144210477754815,5.85089364379065e-29,NA
"892",3.12720876664373e-07,0.999995000998477,9.50229302118249e-08,3.50641702760756e-09,1.54494312823817e-07,3.78584352891322e-09,3.42363778472077e-60,NA
"893",0.161640313998064,0.999999899897621,0.000679139110957305,2.6811612060138e-23,1.17196265118889e-19,4.18971579619571e-23,0,NA
"894",0.0846075495980322,0.999998151225757,0.000141920163417055,1.8635734102009e-16,8.01360185746757e-15,2.63678800894106e-16,0,NA
"895",1.33307489088757e-10,6.55266196548116e-05,3.53920626356951e-10,0.332712216728413,0.348289984594828,0.332393595384617,3.38014948235452e-12,NA
"896",0.179990380139819,0.999999952104237,0.00142099109537576,1.12297667811514e-24,1.57006186014955e-20,1.54784970001621e-24,0,NA
"897",0.443489974747351,0.999999830575647,0.0334505382302298,6.58646695778843e-18,1.54302120144923e-15,9.39049017324513e-18,4.74570810191862e-269,NA
"898",0.204468298413338,0.999998108583748,0.00200062013756972,9.98872577197334e-15,2.61060974674361e-13,1.57022228581774e-14,6.04341647691991e-251,NA
"899",2.18885716751369e-08,0.0233913295983088,1.59506634021341e-09,0.952600673928868,0.954123430120285,0.95260619772891,0.729719293484225,NA
"900",6.23217913457235e-05,0.999551755283826,1.01789048637261e-07,0.00405858604268746,0.00657994000720239,0.00411091867362196,5.80100899798562e-21,NA
"901",9.99038136662063e-16,0.303021819967059,2.76851496614141e-11,0.546295840807573,0.576406395427041,0.546369131502187,3.68821738945715e-20,NA
"902",1.46253988102893e-163,8.6628091465726e-15,1.04409668039098e-16,7.77696520308337e-60,2.27462457912759e-53,2.56112163298508e-59,0,NA
"903",2.88502405022601e-64,1.22760919514238e-11,3.03026369631861e-14,7.31813608739322e-15,2.62004954824519e-13,8.09002951809803e-15,3.51603991725567e-268,NA
"904",0.202646391824144,0.999999984571546,0.00386501965434598,3.15599421413345e-22,1.7751071136862e-17,3.61031832883452e-22,0,NA
"905",0.206392526986193,0.999999647141362,0.00151134621684369,3.75581841436639e-10,4.94643237399872e-09,4.50824732400748e-10,0,NA
"906",3.72792767675657e-17,0.00405022096623732,8.10489992545313e-11,0.799978887508593,0.813397034265091,0.799994383883721,0.490440381180397,NA
"907",0.0039954782970217,0.998838249769825,1.44796591595977e-06,0.0517029827461815,0.0575826516840388,0.0517189274989002,7.02357066789744e-46,NA
"908",0.0025506745147285,0.999999941339703,2.25563504379047e-06,7.14881231986126e-27,8.69898988725398e-23,6.36888305600409e-27,0,NA
"909",0.000529815046136566,0.688039729944695,7.70456748000106e-07,3.20216464082857e-13,1.63359137990673e-12,6.14641172941601e-13,1.67886680339076e-203,NA
"910",0.523667081892988,0.999998453285636,0.0481770441110995,8.45365733417018e-07,2.28079856009641e-06,9.19809860482457e-07,0,NA
"911",8.81606390841212e-17,0.999998932008223,3.4951530602434e-10,1.33049687265328e-62,5.92281342130715e-48,1.61457266410652e-62,0,NA
"912",0.0887486052362616,0.999991789236674,0.000178889142265378,1.899122114369e-14,3.27262718478192e-13,2.73953230375481e-14,0,NA
"913",0.00519039315519303,0.999845866176803,1.29595306533318e-06,0.00349668671728761,0.00505898193067958,0.00355453701858081,0,NA
"914",6.51973430950689e-185,2.98854713246558e-11,7.25547163089732e-16,1.16765740533841e-253,4.05681246883469e-172,1.22352848987395e-252,0,NA
"915",2.09267112201641e-06,0.0322967633621064,1.17284310367072e-08,0.947873191450109,0.94902115046737,0.94791022654966,0.620536041937386,NA
"916",0.743543135319238,0.999999714491604,0.271183172453304,7.22668229667154e-09,3.59672369496015e-08,8.14689216581731e-09,0,NA
"917",1.29194822894025e-06,0.999999996403749,3.11217780121619e-07,6.53644280547297e-28,1.48792589202986e-19,5.16519624226152e-28,0,NA
"918",1.92245492292307e-15,0.999999939666369,5.83781847281622e-09,1.05646743938415e-20,2.46967054751515e-14,9.44362335652037e-21,0,NA
"919",0.33825640055439,0.999996800231697,0.00861093645816882,1.27209538853118e-11,1.06204481473153e-10,1.67712903737111e-11,0,NA
"920",0.565252563161024,0.999988740560997,0.0918450864233401,2.56564518493503e-05,4.62426031779773e-05,2.7966470579447e-05,1.57057995062992e-101,NA
"921",1.01872742971975e-30,2.07990423467123e-09,9.42764600412294e-13,3.0970310064478e-05,8.70419543845062e-05,3.02756495838945e-05,1.23385376726636e-73,NA
"922",2.52248965269164e-15,3.08919976754217e-08,1.13307287610954e-10,0.000931218028559845,0.00119277651419596,0.00092325120017644,8.48906069441641e-63,NA
"923",2.22312562252092e-10,6.40757641406595e-05,1.05873121435248e-09,0.258038422965276,0.272163861062973,0.257888457140281,4.34398041119984e-05,NA
"924",3.01819148980397e-08,0.103425913506346,4.54754677147314e-09,0.862599913287436,0.867471200001815,0.862560666690531,0.583973391196322,NA
"925",0.414771847803642,0.999999998987067,0.0680505757650216,4.68653232772629e-28,1.97151003372602e-21,3.81239793748217e-28,0,NA
"926",0.00660074854503651,0.999519618147639,6.69322668565847e-06,0.00485384443875916,0.00668327372220762,0.0049201337471098,1.64759163411727e-18,NA
"927",0.0412402578243421,0.999999817463291,4.07453661319993e-05,2.21006863423987e-24,9.27410978851045e-21,3.17431258702061e-24,0,NA
"928",0.140557115138753,0.999964358313227,0.00179532671931535,2.34202427386944e-05,4.93858950511352e-05,2.46446593152401e-05,6.72354165878135e-25,NA
"929",0.00207728359506025,0.999998121432442,6.86606657389714e-07,7.76360472234093e-25,1.07631438267864e-21,1.18244833897508e-24,0,NA
"930",8.04433060963101e-34,1.03933817716711e-10,7.4030679660662e-13,9.62395668657896e-09,2.24215511185801e-08,1.00857643969661e-08,1.68521463389625e-156,NA
"931",0.00667622072485556,0.998242913578876,2.51338416277087e-05,6.00422128230104e-15,6.95325454933398e-14,1.1066100637799e-14,6.46825154242182e-86,NA
"932",5.37730951289827e-23,2.11892421185474e-09,7.13445256346352e-12,1.15029251802657e-05,2.00437059881811e-05,1.17260070807699e-05,6.58961878293385e-109,NA
"933",0.0427044046313045,0.999827622641865,0.000116816431580735,2.45179373511954e-12,1.554658177105e-11,3.46946240353866e-12,1.65420777511758e-133,NA
"934",1.88328371588263e-48,1.54128214593227e-08,1.33241079782372e-13,0.00550533299365336,0.012498727365581,0.00551231908935495,3.00964074435326e-181,NA
"935",7.05982445193809e-20,4.34778709401565e-05,4.30965253192033e-10,5.76667561350624e-11,4.38832451786076e-11,2.73986274510256e-11,1.25339552729233e-142,NA
"936",1.86846922824485e-23,0.313824981869139,5.77991406208071e-12,0.529493521129478,0.562549760192498,0.529915349625777,8.85412621756163e-18,NA
"937",8.29630452054667e-39,1.1816686019371e-09,1.82697846956955e-13,6.70680837980169e-56,4.36559572488155e-51,6.76571793105208e-56,0,NA
"938",6.45483311203444e-35,2.19789783479075e-09,2.23656630887305e-12,6.91327349233453e-07,2.68803426330652e-06,6.73936055663464e-07,2.92467243522633e-53,NA
"939",6.64774971069392e-27,8.447273630563e-10,4.06794831339397e-12,3.60792749865963e-53,6.22087855016091e-48,1.72456854124007e-50,0,NA
"940",3.92897334105999e-34,4.81475459452255e-11,2.85465129582836e-12,3.92480240906341e-16,1.27726686334695e-15,7.66695357310711e-16,4.83717610320976e-177,NA
"941",0,1.4360638838822e-16,9.69685929517748e-19,5.11781672624734e-66,3.37983630165247e-59,1.2202212882167e-65,0,NA
"942",2.01049740263745e-25,0.312501124842777,3.71215936025132e-12,0.468107034084977,0.514786496426055,0.469031710399308,1.24984524661782e-14,NA
"943",3.79908801012418e-10,0.887417574198964,5.70182457552465e-10,8.83453222085015e-28,1.52631298559391e-25,1.2172109104204e-27,0,NA
"944",3.80265865471591e-12,9.64955080571228e-07,7.09333617685544e-10,0.0218071611147733,0.0250231929846437,0.0216493955923669,1.07108408792896e-12,NA
"945",1.01750183173181e-139,3.36303141477806e-12,4.89184045781138e-15,1.97392533771613e-30,7.16476922011463e-24,1.88281805143725e-30,5.38159399798969e-230,NA
"946",3.62006095463832e-16,4.20822599520757e-08,6.34659307888889e-11,0.00367941140935947,0.00458970928929436,0.00366606268109483,7.47206479321058e-73,NA
"947",0.179646157818754,0.999738460652919,0.00163194204538241,1.59494483622628e-05,2.09638144096419e-05,1.62252685349709e-05,0,NA
"948",5.33783271474124e-84,2.72975880563611e-11,1.86289065705291e-14,1.66619147230574e-14,5.5812890008419e-12,1.68163431490011e-14,2.25532945466941e-178,NA
"949",9.33532371035134e-91,0.947542266313447,6.53721726190765e-14,0.17182226289634,0.229226431722794,0.171759270875197,2.75146356553901e-35,NA
"950",2.30484431019784e-69,8.5630489990061e-11,4.915312373326e-14,6.351430465976e-10,1.62935573956647e-08,6.48695485090745e-10,7.76156900043747e-85,NA
