"","glmGamPoi (Pb)","edgeR (Pb)","limma (Pb)","glmGamPoi (cell)","Nebula","Devil (base)","Devil (mixed)","glmGamPoi (fixed)"
"1",0.0222326473948988,0.0742916231332286,0.0207635528175221,0.695935787193697,0.695837389449776,0.696067030780952,0.67992355881367,0.438464561948743
"2",0.0365435017598266,0.110904623444082,0.0981716592382568,4.13189909261681e-07,0.00198051477091815,5.16197811238772e-07,0.00107650344597848,0.73042416876844
"3",0.2800955211165,0.397934099937326,0.240864217063217,0.32450375510449,0.413172789190206,0.323425607928396,0.447781575097323,0.64822810822327
"4",0.538423989215291,0.678815913745133,0.410951790774705,0.00751849188143663,0.0309277329054777,0.00795902580686208,0.0238831955386568,0.67225163627366
"5",0.824648727904936,0.936847149959003,0.777805487747545,0.000304344690035928,0.0533272101605905,0.000301256985383566,0.054123483488566,0.498293193936907
"6",0.215415544945883,0.680667969750108,0.209462506210465,0.0391555570746848,0.0985736740576587,0.0384485209596117,0.103187942559542,0.880978960501074
"7",0.30242140344173,0.376690688224384,0.348177788336493,0.00670887520068769,0.00945263794575972,0.00673516249954076,0.0114796074843827,0.310004210967487
"8",0.839904613068389,0.916098070882963,0.739948353634294,0.0251764244253878,0.135893760779382,0.0244982981154834,0.121661819956755,0.593093094381449
"9",0.503383380371489,0.615714262570439,0.327036003902055,0.00435538966248926,0.0106926485232953,0.00428655817913383,0.0117508332070295,0.586038694442099
"10",0.93646144938296,0.947295091184766,0.768494214590767,0.0212567270638753,0.153221866265685,0.0211366355705796,0.141114604339903,0.829745170738683
"11",0.303551734028125,0.572244715445153,0.422638361048802,0.0608284679606103,0.267890569784122,0.0601363195103341,0.209204853095376,0.703128701130025
"12",0.0691321136686417,0.125186900998626,0.0528766594947674,0.933288939960761,0.985422616234224,0.933122482938631,0.942311982698267,0.671542916013145
"13",0.800435625414491,0.850449303303993,0.676591689080849,0.0226119360951086,0.0528316570222674,0.0229498399822458,0.0496151604849013,0.642815849581004
"14",0.885017353420495,0.907322031547772,0.693400516628491,0.0327880235061098,0.0456420555965221,0.0321931381701798,0.0531983615393943,0.776136265818923
"15",0.92296732241305,0.957778625761742,0.921032821284165,0.00999009089276275,0.0163143997654985,0.00973211902664366,0.0200309077678819,0.860121524706753
"16",0.737985325564013,0.987585170104204,0.785334721397829,2.17971573867715e-23,0.00807825313639404,2.69220631027641e-23,0.0174128318765861,0.59845992931777
"17",0.970647237428681,0.97698614761478,0.77336891981093,0.0736585732530203,0.220875120630564,0.0727273769827612,0.219688956265983,0.567136425045288
"18",0.0331676480940236,0.113214434386435,0.0278011404736687,6.67289455558644e-07,0.0029847276700816,7.4725879944144e-07,0.0016047153371584,0.995158613836616
"19",0.717244675289896,0.769383562719737,0.538836310831839,0.041898244849987,0.173961910749275,0.0416206114872483,0.161773954524578,0.804413293785709
"20",0.548900410795932,0.639045158064841,0.567533716425763,0.286658492150653,0.476717618388896,0.286866467489632,0.434401902112024,0.786226163782177
"21",0.298351766389652,0.722888448826206,0.300753241268644,1.52800901643751e-06,0.0112418821341553,1.29833050934822e-06,0.013935537027526,0.688031395688395
"22",0.500347255402342,0.562996913599229,0.30314156605715,0.0222909911802898,0.113432741627717,0.0231813901520617,0.112037207397759,0.977015148296375
"23",0.404780958188944,0.497595090450497,0.438963703794623,0.00503168429479758,0.0383290714223875,0.00502113761325393,0.0343105542105217,0.743064836454533
"24",0.90983076024297,0.964748986960918,0.874433086878426,0.00217536625939318,0.0245540396798945,0.00213658070809802,0.0252180655055035,0.404996187773903
"25",0.534935277259916,0.593890212471923,0.589166626960018,0.356583741238138,0.362320857739092,0.357614152999541,0.388271351983042,0.847977623135568
"26",0.236084443783159,0.574973830258044,0.298315917778704,4.61149453259886e-07,0.022616672039912,5.07265283253055e-07,0.0350090935045909,0.378312209557511
"27",0.451392139710789,0.631262653957157,0.459652059006814,0.000231663975061007,0.0215083388911077,0.000245323378466193,0.0172059622239089,0.492380760901058
"28",0.891124164577721,0.927003750888493,0.918733929693956,0.00395884061677032,0.215662258981214,0.00382610231470151,0.147487177064332,0.913822882309484
"29",0.327342090334381,0.52247239194065,0.415215989266609,0.181688599756555,0.438088829680998,0.179827257808737,0.480143882814433,0.658614428233577
"30",0.572683253128172,0.795573792737617,0.503940928897592,0.00688155843543366,0.196403311912813,0.00672929318471339,0.110823020896161,0.908638591697172
"31",0.49953997504379,0.835661604639605,0.472465471711739,0.000136321842869274,0.286716212437712,0.000145192207712613,0.243166423632078,0.93769186707278
"32",0.841648155512793,0.878870381510691,0.89093208304545,0.0532754650722208,0.191933934324616,0.0533289544638465,0.156339461947551,0.528013610719524
"33",0.177153045555112,0.779804618852103,0.193739405331814,5.38618518857398e-07,0.0826539081722078,5.19308019444615e-07,0.0642879232172734,0.606939694329178
"34",0.555871559422935,0.608396126230183,0.553182785070294,0.316215521174308,0.467170519880188,0.319723742677244,0.419251433503769,0.73375602217325
"35",0.920984374450531,0.935029114946099,0.967654715457001,0.110918645496144,0.110247307253669,0.110591076793122,0.0884960877946745,0.807357622549749
"36",0.0400891937137065,0.242069011516662,0.0404657759905172,4.41093100320939e-07,2.72748259253736e-05,5.31046256088699e-07,2.97922054803187e-05,0.446029323215123
"37",0.0988630793532369,0.230844895879294,0.088797814632413,0.689013339090113,0.815573622666387,0.68860473155045,0.788652552359801,0.913405281327276
"38",0.074730395944545,0.196421628104364,0.116904638455346,0.802686310842417,0.926366442960319,0.803006075666371,0.861154933110624,0.702584478875649
"39",0.58534058522449,0.618747612938587,0.356464125796787,0.295119779911426,0.29341146609154,0.294279017626174,0.302630104185136,0.818186553658274
"40",0.818748715882281,0.862174417685472,0.676295833602254,0.0850696506470413,0.350125983805131,0.0844709994304451,0.246974696366596,0.922264088145222
"41",0.494220009590648,0.723178538921613,0.466488583723596,0.0371169071765231,0.0673328655985741,0.0376948945393713,0.054081852663148,0.619116530711979
"42",0.236050322950369,0.360436030648523,0.179043434223081,0.000227508463502688,0.00254447493326051,0.00023086574142353,0.00271223298023741,0.889900003225014
"43",0.0518869574054498,0.129927443089088,0.066101385951533,0.830376743853288,0.963496117453525,0.830529431329562,0.870406765279596,0.692945099072687
"44",0.0316563406690274,0.156040473330274,0.0287178897936289,0.997563417079257,0.866059813486876,0.997566400953452,0.998181903156885,0.990389579756783
"45",0.735392272497823,0.964224508958152,0.646611332527336,7.02166306473803e-08,0.000629908844099532,6.43906919090513e-08,0.000458436902878969,0.927419427680934
"46",0.710723849066674,0.786239194765539,0.722449237943297,0.00648320512145983,0.00719037918094153,0.00641175570870783,0.00893281516694432,0.945024803086955
"47",0.0100384882525054,0.0196306870305271,0.00953319896526579,0.252599334693956,0.268777391583749,0.25533481976574,0.237101326560837,0.964456944479233
"48",0.251303809463175,0.469128803561032,0.149848386715173,0.295370236258107,0.29500229811708,0.295419064518175,0.31416471003395,0.317109848531232
"49",0.0892774412495749,0.175012878377905,0.0618680896317904,0.798424369299292,0.967807198400935,0.798566106248331,0.855112419069827,0.725938646007324
"50",0.646502119114909,0.69331140951486,0.716404497895989,0.196490622899158,0.454902100320595,0.196339760065072,0.356007182315028,0.94262510108913
"51",0.951061951164822,0.978885314021282,0.786825517166237,0.0510084985211089,0.0868055552394239,0.0501755783416529,0.116915392817762,0.789527840585052
"52",0.876074841309221,0.939497702718946,0.934081787965429,0.00687781353426297,0.00666846867991857,0.00669433834065228,0.00431871051066936,0.824141602741989
"53",0.779666013793145,0.898752655900138,0.801562445271106,0.0178569220274709,0.0623269129585824,0.018238637156495,0.100177265784327,0.873185472549072
"54",0.521117781877197,0.708861292757524,0.500410815071885,0.0431510805751585,0.250414551513407,0.0417331673904119,0.307574842893421,0.801908579626365
"55",0.381695819766041,0.538735115650376,0.439956059236341,0.265981922845886,0.417611512476284,0.265560642164023,0.419939723129605,0.586950680653218
"56",0.792105156095769,0.907440709698466,0.70756175168816,0.0245869699623261,0.0887685576780205,0.0246604551416621,0.0796098216856902,0.624012321884479
"57",0.586161099341283,0.988478219734389,0.687001328351523,2.14361948929844e-14,0.0150808461154723,1.64797383677579e-14,0.0189324357425742,0.627267610847164
"58",0.226817211201077,0.329990550466612,0.158162503169767,0.000207935800503964,0.0175740925400459,0.000200088322619612,0.0308121149753756,0.937232516195735
"59",0.342385291399352,0.404472475000726,0.423522449266862,0.57280310575676,0.57270294860059,0.572518889611364,0.595592628650067,0.746374159221471
"60",0.623560581149447,0.836158569337928,0.737993291928994,0.0125993820383032,0.131220272153732,0.012341402049175,0.246816271962125,0.478770533548469
"61",0.996347030633117,0.994810780923216,0.828593525883127,0.0547872067469071,0.0708858190192024,0.0538552451422047,0.0702946422414778,0.939116978773304
"62",0.00331912923071002,0.0225022444260916,0.00333718279410542,0.275512568546368,0.317174295070239,0.277232404070693,0.281358674937793,0.90591428385107
"63",0.00370963802386443,0.00709554972803774,0.0040368445559333,0.0858221605065433,0.173631326172352,0.0880993676664706,0.165180138462907,0.940137862991801
"64",0.0658394782088508,0.131352135630129,0.0867882196712622,0.749541982647124,0.977378724784222,0.749438216780877,0.853557188274791,0.747524728016484
"65",0.31217449821048,0.635863490201549,0.286336559941919,5.20726630773727e-06,0.0185270353572292,5.10355261923302e-06,0.0117737847764652,0.795144998163179
"66",0.690505307401166,0.967559359700295,0.69465537920067,6.75647167098045e-09,0.00856097506287675,5.03381321945366e-09,0.00301826137190839,0.786299380533253
"67",0.0469931296328902,0.0802811144674919,0.0477905422251628,0.511310201397579,0.532924718946973,0.512631402319791,0.504415313127868,0.909793621701413
"68",0.228686027622808,0.343590924302511,0.215176092965747,0.469143464017203,0.730876727453222,0.469955005452218,0.723261789472869,0.934478111906306
"69",0.859465900033698,0.893097311662234,0.90846597092227,0.113700405590823,0.309652861715073,0.114333452828282,0.268580315294533,0.5172716331663
"70",0.531587995764364,0.632910838974081,0.298286731930801,0.118820392380842,0.27537544185359,0.117724770524775,0.253413733950649,0.654822109665929
"71",0.048711501261404,0.866850621024241,0.057898599417024,9.84364688576393e-32,0.0165207322004227,2.64270862125478e-31,0.0104756734020288,0.452280558477069
"72",0.950509252275211,0.966595478149454,0.914791705041063,0.032403091777552,0.190260897049788,0.0322061036403091,0.13653082849093,0.481334156547915
"73",0.222622264929253,0.673929267782025,0.206816721696248,6.26570720807306e-16,0.0626998508146418,9.72149134003709e-16,0.0292248457169645,0.824521316302045
"74",0.999528692835812,0.978654736996812,0.788700759816326,0.0250117063098252,0.203079877607896,0.0247510819516901,0.292028218641014,0.862400559406204
"75",0.249873506553485,0.435704503994437,0.254407919354921,0.222685211719229,0.457824284776492,0.220849790552594,0.464498410729442,0.811414891366638
"76",0.523194378374809,0.930614818575292,0.498082328175447,4.72027167671409e-10,0.0569249085357608,6.73736819606549e-10,0.0404464204973615,0.552160630616985
"77",0.672063991577408,0.732771285526729,0.596748663035047,0.111893804235802,0.285721905596732,0.110469620093054,0.231308421796034,0.801418037152953
"78",0.0747288574370892,0.22442803686599,0.0782347413367651,5.71171209296229e-06,0.0101662116257155,6.19995462473272e-06,0.00668757062561981,0.673826482661251
"79",0.940224690262589,0.951760072094799,0.757508485631921,0.0720097983611617,0.164597560126858,0.0719868827571359,0.176860872180851,0.417518559884405
"80",0.92323465017788,0.934671880427776,0.649635909038435,0.100502669811596,0.175461664691395,0.0992094868712939,0.165970208088311,0.600572322920805
"81",0.829669314062682,0.859049013149606,0.785770259834186,0.0540849304602681,0.110831299859493,0.0540194755082752,0.125799086890571,0.457903813861603
"82",0.759878215445217,0.803527197596468,0.693144252450004,0.125053529079206,0.225049492263095,0.123415274017012,0.277024480829967,0.838990798879741
"83",0.0262228405595903,0.0552851793652409,0.0280046975428414,1.7042828925794e-05,0.00244365671726862,1.99370186789622e-05,0.00568877059688093,0.935365147923189
"84",0.302388392231389,0.461115410532199,0.295226565988445,0.302020772168514,0.449305749409583,0.299942767033976,0.616094220918012,0.613904238217171
"85",0.840402628030627,0.884517322598911,0.842597336606074,0.0840404009984285,0.121843070132281,0.0831205083772166,0.124707666464656,0.829893692532762
"86",0.18760837046379,0.516579404327757,0.171883584301792,0.216328658393402,0.30032734529424,0.216016006493655,0.36521558261505,0.987087109038259
"87",0.738751625050955,0.782380738156709,0.817805377016904,0.0216563934296001,0.157054809591921,0.0215579106785628,0.119214266229034,0.952044804721736
"88",0.91178499888515,0.948989810053148,0.921510902131218,0.00061890511960995,0.242939424240813,0.000683156592161247,0.141251636614028,0.761962640173671
"89",0.174549224682863,0.454845529806331,0.224679055837912,0.071948002776555,0.169315600842155,0.072672269631818,0.162803051453372,0.424237769186401
"90",0.542974497214095,0.813516940701824,0.530786691631351,0.00862324532986161,0.154685353093829,0.00858616199633341,0.100619053328936,0.77158006161103
"91",0.267778573213676,0.43249785865762,0.223659718219857,0.261315178950759,0.557469461091571,0.259199174092995,0.572635155379638,0.876360324219633
"92",0.46240704634026,0.554409567803827,0.401198025633585,0.00488114730947081,0.0540983047955356,0.00481394332313341,0.0407371768991339,0.610485116477912
"93",0.107313780353898,0.365372129174972,0.119379573420514,0.0864028721062937,0.279453586267804,0.085822079338099,0.281527871716126,0.806036819205907
"94",0.00115327752072605,0.00328495076950365,0.00688010702120008,0.00222033123571828,0.0276161203228321,0.00246888684114675,0.012493488386656,0.411877252943513
"95",0.895788796650933,0.960427599145196,0.496151258396033,4.68650348440142e-06,0.0647382326079451,5.00631451347483e-06,0.343380913834331,0.720123064647949
"96",0.321840265423305,0.506163366007311,0.179039320465478,0.000142879420154292,0.0283796446483652,0.000143618114901552,0.0199175324259097,0.933549591326352
"97",0.976473597283831,0.972422207150339,0.946578921047921,0.00585433804960086,0.0782768020882058,0.00603612025063522,0.0774511535539021,0.945592517027567
"98",0.834204163099577,0.867101340218503,0.902057540199568,0.148868552582233,0.199293905515181,0.14923512340322,0.206920105157864,0.293040915214095
"99",0.283861964360456,0.428195578201099,0.378274769580317,0.263417031048598,0.59816359485447,0.265154223070058,0.441932891495686,0.687779072249896
"100",0.564706552009589,0.617612034859124,0.548497908691539,0.0297614010896687,0.0847494196784653,0.030003156280992,0.0811529395157212,0.564724908367389
"101",0.872789271076053,0.9368633652425,0.870760890657731,0.0086924392283947,0.0507066032428012,0.00851345234707345,0.0459806191990212,0.903249005630122
"102",0.796634321048661,0.881637153498629,0.784304268481371,0.00234120380571898,0.1064212791001,0.00234117133089865,0.0671961141738765,0.616570288897619
"103",0.957548647360989,0.994199323571055,0.907644756162632,0.0675782080452046,0.0854194994857951,0.0676942279720823,0.13355421012485,0.432791596654789
"104",0.278907662413373,0.69606901445921,0.295180074237585,0.0174101971969062,0.244538490781937,0.0170724047608128,0.222479228350603,0.853083323542512
"105",0.887816358638911,0.912581693501806,0.71138295867422,0.111322670882224,0.215175831764229,0.109938181981203,0.197059966116127,0.696395200475041
"106",0.126872418271374,0.219170861573585,0.0830799195440565,0.874315934121393,0.961056029202028,0.873962836816362,0.911497192864377,0.890514487144699
"107",0.367608018836781,0.6686526478185,0.30548339769099,0.0438404779633406,0.288760757848404,0.0436393841805167,0.207276901915412,0.862088937558228
"108",0.716782583013839,0.9207533335009,0.695358527836154,0.000356185949791239,0.0292255985136994,0.000357728677570105,0.0256577689840986,0.690395861253364
"109",0.0479037630324777,0.0693392807646354,0.0165306626168388,0.246464486027474,0.462910222681452,0.248991776636504,0.470984722443992,0.93553315110701
"110",0.0615714797818548,0.068539007958788,0.325616686743566,4.85065262939185e-27,0.0284161449984126,8.35614428742116e-26,0.00524297961453459,0.646236426090257
"111",0.915078843500945,0.939405135896988,0.777106678511305,0.0199992529138168,0.192902905501063,0.0200647276025547,0.139440185773646,0.503485165291953
"112",0.0657150413548591,0.104870743146197,0.0212334219937899,5.56857723041049e-05,0.0158405370381504,6.23770916817768e-05,0.027913699145572,0.912439346365588
"113",0.109222163088508,0.240607686307531,0.117932626502754,0.907243079698007,0.740163871628134,0.907027490038191,0.930946589570193,0.643261675610798
"114",0.775903918471195,0.849724816547654,0.748562470371921,0.103669913469376,0.103101899850001,0.103411940009498,0.0513521245725148,0.986062071222635
"115",0.862555797522514,0.905991369326206,0.803134340855018,0.0243143194694215,0.0239737947321473,0.0240640299712752,0.00441735878036731,0.845652407688855
"116",0.677350426352969,0.822611976488674,0.551691395460955,8.31897890402907e-05,0.0397071148776386,7.73878676088721e-05,0.0335227583919046,0.936804815969943
"117",0.43232639304433,0.530832020598942,0.558764349966255,0.305126440714823,0.38043016191853,0.304217744891139,0.432196933348668,0.854455169110006
"118",0.437010221385021,0.604670554502476,0.443075299973883,0.0753289370563117,0.435507457997907,0.0743562396506373,0.325986127416132,0.444990479932132
"119",0.854860553200624,0.949780978163739,0.81300146608744,0.000211030563069201,0.000878845984279504,0.000197114011925951,0.000891324026880085,0.690247980560572
"120",0.316867515877267,0.497000388259636,0.381774777603488,0.220331226001103,0.468127977469934,0.219257588183785,0.444652107521183,0.888974708907143
"121",0.491197452899443,0.688325184672173,0.478933771084368,0.106970094391724,0.240542116988969,0.106827843257912,0.227106956160259,0.970559958651942
"122",0.37992868482538,0.613927632518132,0.315411906490329,5.49734420651783e-06,0.0628551079927239,6.30084781527929e-06,0.027978217004216,0.897263926492456
"123",0.738573266185291,0.796942391334591,0.92448577491087,0.149170203889751,0.21035398210426,0.147989238656491,0.217007171381933,0.471172383302915
"124",0.396719669350128,0.494052480491079,0.28914337703354,0.00754880815419058,0.0259462751559306,0.00758898112775999,0.0312104268259485,0.97490657659134
"125",0.531006030586237,0.585684134379953,0.557691925379298,0.0138656020046612,0.0739965542443404,0.0138457974070536,0.0524567239351785,0.798583071037002
"126",0.801157805552932,0.888885643623461,0.785450320905435,0.000109123093930625,0.00323164276721429,0.000105563235341189,0.00278984144684705,0.80815781478401
"127",0.63665307957629,0.670649784581192,0.884891504238822,0.273721795582064,0.361249805038458,0.273347458726001,0.475928948346038,0.664357845648072
"128",0.528638988122678,0.761227221371415,0.606821867430204,0.0492704203470363,0.138723814076659,0.0491790600430104,0.260193088872623,0.980476163454424
"129",0.358872761437697,0.999928943889641,0.275447856186469,1.73922191421752e-32,0.00798727535308145,1.18290693678772e-32,0.00497014662142059,0.803647391534918
"130",0.25604649037556,0.873040378866632,0.196525155699361,0.00170250024509268,0.132645517311932,0.00172457897712941,0.132879555735434,0.473662690696353
"131",0.594008388064123,0.709634681783352,0.505195253545204,0.00318876127662376,0.0509253734128824,0.00309116658891554,0.0481223935913813,0.671626269679283
"132",0.225385354074013,0.448357900007336,0.240040806500495,0.240643237296949,0.472162834462399,0.238387678926888,0.436380336642742,0.784082080440636
"133",0.377229178874177,0.757726165698213,0.315124935104864,4.02554663765028e-05,0.0100330066833065,4.1065941521832e-05,0.0158112326630444,0.950483553950827
"134",0.0144887798793888,0.0686884325809183,0.0210256699098097,0.273317260263639,0.711328735466791,0.276289544309092,0.49554695104154,0.569505229075508
"135",0.972763855031428,0.979484163159167,0.758598733102963,0.0753425387578485,0.242853216602258,0.0755229992868272,0.199570647175038,0.802215121238659
"136",0.88273483363856,0.906184282559345,0.996868982663198,0.113582586782268,0.190515771680693,0.112672352875389,0.21274815505496,0.488008515516093
"137",0.958537075755832,0.943168820859418,0.925104024963701,0.0625240000976699,0.259022855445158,0.064120750340469,0.239565337907345,0.801861810634712
"138",0.89477891702019,0.935102058953797,0.903819205429941,0.0259507941012301,0.210583454015512,0.0258342471758127,0.130846144889806,0.956870697550323
"139",0.451592918439157,0.6126729720692,0.343505687618162,0.000663112022526918,0.0359550515260114,0.000687390513287999,0.0316134858696465,0.929459437026289
"140",0.0146965862637973,0.0531748479457069,0.00196249954158454,0.836808460129575,0.834644938404949,0.837073066767141,0.857123615412074,0.560067648857583
"141",0.91402284677304,0.956135290741145,0.873375439307502,0.00236821093299549,0.0274237821192558,0.00230070139997925,0.0451290466983616,0.93078578903584
"142",0.248793786516943,0.927398003454261,0.222268049981439,4.89015496121347e-14,0.0183342017816207,3.23442204420568e-14,0.0130248463288556,0.503414967103118
"143",0.721341310085371,0.782553193000214,0.685383226806788,0.0131787536941764,0.0821594020668271,0.0134145902928853,0.0677063882515606,0.925241324326981
"144",0.95085731691591,0.995819449273569,0.868577756504497,1.27212428829619e-07,0.0154236728054191,1.0188682440233e-07,0.00812288284197118,0.910617823709373
"145",0.951799221954405,0.99938579855083,0.780306910737898,0.0341198029785544,0.120238152317454,0.0335454263971867,0.105801622080941,0.572143912087149
"146",0.153239362011383,0.335296115417268,0.122468355451469,0.312988068341323,0.388454095256838,0.311515832168846,0.381644403741413,0.94063582110768
"147",0.48666195154892,0.813048990751162,0.510460147313845,0.000871278686405896,0.0275992903274106,0.00125825735559032,0.0794049199166261,0.800690995549787
"148",0.52700897660439,0.614489299318889,0.558662668278533,0.0110331561947023,0.0807205666336412,0.010814177610616,0.107687327632736,0.58663364341373
"149",0.692206355170405,0.811044182557695,0.594840213263511,0.0027115653808475,0.0532397144343813,0.00271462840807436,0.10427365027378,0.763738133107017
"150",0.557593741988741,0.740374006844751,0.460707430297743,0.0662019664691876,0.175363491268221,0.0670223348087022,0.144566912362267,0.787620911377853
"151",0.546565743298916,0.739801868627634,0.722544670820369,0.000604953211734811,0.0901573248852744,0.000612649311589261,0.0909413369284131,0.424452255930365
"152",0.661721713165629,0.716309940884883,0.64406788443917,0.212099430674822,0.210805128748875,0.210885452930738,0.160662217310899,0.970013069861214
"153",0.375554891745481,0.437320261985437,0.41199550981864,0.48690116401062,0.684270955099941,0.485551168411371,0.691814555041026,0.818685361044933
"154",0.453125266389048,0.600791530720055,0.322213106299083,0.000161145784874177,0.0318427622181269,0.000156984396974445,0.0160092314278615,0.886556005876367
"155",0.837351564854647,0.933165084459227,0.847566472437486,5.59259954344305e-05,0.134238010566525,5.50506637635979e-05,0.0910453656174913,0.839953031396548
"156",0.467016662034945,0.553189290633829,0.427204993150867,0.0132057047280251,0.0128876810058147,0.0129153844602178,0.0138612655649618,0.978255131660559
"157",0.594582302657719,0.656561905364754,0.546208714480449,0.0237816974815331,0.0894720552955827,0.0245156014611781,0.0685671143728918,0.643764321675937
"158",0.130605303446367,0.252638449283772,0.140884290896977,0.78375452629721,0.685510952105541,0.78332644499501,0.837432463417304,0.756805096103219
"159",0.691436838538798,0.978702507882264,0.66524279418429,2.07343758479236e-07,0.0413073857013084,1.58956939852912e-07,0.0215203213961257,0.722341719305858
"160",0.180532737165492,0.998029703850057,0.146288534307427,2.67490507382223e-32,0.0196441227676624,4.07487192541546e-32,0.00795125581284003,0.737046291405382
"161",0.688356629449192,0.776671971591453,0.562839095489464,3.18146446569661e-05,0.42403507238846,3.55722456989742e-05,0.299541338518807,0.986806002953811
"162",0.142506324600621,0.389893842219862,0.0653865690499734,0.313799612096941,0.358885958516243,0.314704312415208,0.360879619023895,0.823218763504015
"163",0.916736076272877,0.939119192443922,0.951938482456038,0.0479033902540119,0.233545572307958,0.049049074734245,0.213796027982942,0.536390527108474
"164",0.689172825719941,0.765657068033448,0.758312337062403,0.120953070673138,0.302483650079754,0.119703637774268,0.202095039196049,0.929110173233191
"165",0.384656426883394,0.582154305524823,0.290088681779347,0.00103626143006975,0.000983362895328026,0.00101091104774538,0.000849090805264815,0.396615288215476
"166",0.279906992740088,0.371785305864545,0.14653009383658,0.559601612500572,0.559796294144404,0.560105649828072,0.451300820573006,0.749518464066395
"167",0.899007525704333,0.933329100421806,0.840943842392745,0.0203887287972501,0.0524622080465854,0.0201515129523989,0.0399230137754329,0.895357005379562
"168",0.089193747932867,0.981009396643668,0.0944554224522423,3.46216476194823e-12,0.0919906368744957,3.06854700451881e-12,0.0938945830253777,0.600901207646666
"169",0.522516001538395,0.600456332540806,0.990484974967254,0.320979982022196,0.472054496582235,0.319278797171473,0.492636039597753,0.821832425923193
"170",0.299580756808996,0.668663334381683,0.368900458813928,0.0310268178910811,0.232220748250203,0.0299440164586881,0.250817123495443,0.494687617159674
"171",0.215927532381734,0.561446388274253,0.206419443421813,0.0350510164856252,0.342168546644487,0.0346086927341757,0.258902380664279,0.863741484243351
"172",0.419786854355514,0.500764811578102,0.444449490139926,0.409445857721126,0.450795535384311,0.409660578192159,0.541599150533139,0.812993217363213
"173",0.581893717217453,0.687429146479803,0.48051790966788,0.00184103570776774,0.0831245245510374,0.00178936038451077,0.0695165526336381,0.728073422555782
"174",0.125324480183755,0.171036022875646,0.104635788209262,0.000144770738638384,0.0375484884781995,0.000177099213988354,0.0383193309866412,0.586548927464839
"175",0.390902292381726,0.553038029453283,0.257963635948501,0.00278209115913419,0.025635226962566,0.00272201257494579,0.041574749770509,0.946817244519651
"176",0.354377576803198,0.725877562124093,0.31583207821092,0.00104519464564152,0.321372567372474,0.00129319951073727,0.187281966796356,0.948939868993423
"177",0.200148208287791,0.291200296857869,0.268501990739337,0.775034328808299,0.773914636526217,0.774351548991363,0.753476910679723,0.791932330668753
"178",0.815308393506277,0.840290418522624,0.917809269775445,0.168650734844562,0.609771019711331,0.167239021840703,0.44003879707881,0.360299544480402
"179",0.14390924391736,0.442497317924558,0.200766417539185,0.232652083964826,0.35180216800678,0.228807271888356,0.388061586144911,0.858739526723981
"180",0.82490074800772,0.861627879400842,0.838382641039968,0.0889833660458126,0.254964611404918,0.0878527228847476,0.19098403925691,0.849072842467692
"181",0.231747276718924,0.4569933534036,0.307206592243159,0.205581426053613,0.224521343816671,0.203367688647222,0.287225806745432,0.695105703519215
"182",0.233972294660698,0.291318079611485,0.211631924684373,0.00153320048665895,0.045785771499773,0.00180286023741072,0.052910400681125,0.711690479323757
"183",0.0151861572956816,0.0256420553449316,0.0159824276059937,0.198831216582751,0.287029661921369,0.201289215174214,0.232100234171598,0.693960629364693
"184",0.352805898537042,0.874433296064367,0.334242818476082,0.000328689329157185,0.107209451218278,0.000308601389531943,0.0815266193757832,0.70881114538338
"185",0.095494893609497,0.880649104008996,0.1422195732144,5.46572197351247e-29,0.0195666376862818,8.33196394703168e-29,0.0102255221067522,0.699993339447499
"186",0.034944918010046,0.108107088767648,0.0332028006927215,0.531142201600147,0.922841492313378,0.532348935929736,0.707534930110592,0.861399923007987
"187",0.0601258863444064,0.11636918192919,0.0347866610736316,0.782875833907087,0.796644103158511,0.784350220142297,0.824202752808993,0.930432873238717
"188",0.95421835991913,0.981856775426074,0.899676481704044,0.00253925782582892,0.0841021859749668,0.00248828389514259,0.0648349439206,0.590112678970311
"189",0.527594476399929,0.668261391983317,0.465752541987971,0.0678514202859114,0.140637455414009,0.0672375131973557,0.152286155641398,0.914732592328326
"190",0.166278109029499,0.980943968617879,0.126473094790696,1.57896740691661e-15,0.0179910916486974,1.0618251574653e-15,0.0182694275910026,0.618779953866988
"191",0.252101314653013,0.31457943882331,0.314399251028794,0.800341435557801,0.866599762252587,0.800268264970219,0.867366365269747,0.68562041420863
"192",0.220321026529768,0.450757525602223,0.20368963385456,0.316341640672507,0.42303735412892,0.314054837706626,0.66171343205692,0.865726515247576
"193",0.582436266531955,0.836425765695025,0.605458953479567,0.00254484996046864,0.175276589691162,0.00241291086862283,0.146101267986683,0.879979821117575
"194",0.212782898420187,0.29838585177505,0.24601262612864,0.697007354231038,0.712966361105162,0.697385534162565,0.702919917402747,0.940575865251721
"195",0.769515914214162,0.908480889034563,0.737830405384093,0.0117070089136782,0.0218324692628355,0.0112276339076201,0.0272851264775704,0.529995240658935
"196",0.122808720517618,0.228292998494623,0.148492061602446,0.983610308230347,0.883786372189322,0.98356909045249,0.990972813192999,0.334761760455684
"197",0.153759920546018,0.226152272404309,0.110596678903368,0.960301976099254,0.918500019665232,0.960257810501902,0.964350888932053,0.731501494417736
"198",0.192405739731175,0.333965185368828,0.195551525126815,0.533388474006202,0.626095700107056,0.534119959540156,0.713071595845729,0.400447360851799
"199",0.79209307829752,0.867171869250491,0.869521498232994,0.0405791502358168,0.0409053925593394,0.0409374094841452,0.00386708326928473,0.733891258194606
"200",0.603461130257588,0.713412835563862,0.571395321376651,0.113184673714515,0.112271854936013,0.112349112251315,0.0933711178687796,0.974167783363356
"201",0.181769852310261,0.422948389740508,0.128370712032514,0.242482766628547,0.501851611603391,0.238215021373157,0.520719627433512,0.965969351198953
"202",0.43093471868522,0.767590025987632,0.331538939462336,5.63741555312857e-05,0.0464383389780138,5.42968586343942e-05,0.0455320973477363,0.752688066697671
"203",0.0120107543683343,0.029186020608047,0.0063763214631985,0.436447768552995,0.437588679446395,0.437041739823827,0.284778198275472,0.525610231750729
"204",0.474599183293215,0.631716115503264,0.365293547361192,0.139870445300678,0.280694287328062,0.139664743566139,0.248104981746836,0.937289475062972
"205",0.125180580867507,0.999554637288839,0.14020343289157,6.61550786420775e-36,0.00371091001167852,6.65805429582926e-36,0.00181379247215007,0.716196566200864
"206",0.114400663790185,0.246922497638442,0.149723951980903,0.784120051574289,0.738805731552668,0.784769477953876,0.826049247088321,0.726283134048195
"207",0.0481948257039804,0.0796650568349777,0.0327746365005727,0.416918358723202,0.602996780087613,0.418752646588712,0.537306424567512,0.935649079863893
"208",0.366790997268892,0.950884556793318,0.345279175923631,9.80123608125186e-07,0.0584025465685633,8.54068849835857e-07,0.0563629079084114,0.850805193696729
"209",0.350010870318298,0.478451022657624,0.381358616398965,0.238601614465955,0.398495789729953,0.247921319768853,0.531610448478986,0.739757160751346
"210",0.965225187819879,0.987106370675989,0.957271377577064,0.0143953364561978,0.072135743588458,0.0140062272433138,0.0533974896564706,0.642175428994648
"211",0.514910094380492,0.634998453080186,0.414934759991841,0.152942545015258,0.35493595047798,0.150820158557896,0.336747271094413,0.968313345911159
"212",0.336643102577899,0.465205073004342,0.546747277722766,0.369515423453769,0.535102483683585,0.369026199550666,0.52713710192974,0.946045014547728
"213",0.217904323886849,0.295013336061605,0.337273219113281,0.994005318449091,0.726616703630783,0.994001045505746,0.995730311515185,0.727133412064574
"214",0.200352851630374,0.598234704868957,0.174453528540255,0.0286084754719196,0.171619355983136,0.0283085052050492,0.167897055403848,0.814876518107688
"215",0.309286635711342,0.485075766546492,0.359446600630909,0.245884197250523,0.387834136311184,0.2435606649927,0.484637833907339,0.708715458135067
"216",0.222016731724419,0.313583427500365,0.230727383320637,0.61458809441053,0.633469358510397,0.614830129448156,0.722841535214862,0.356266609490041
"217",0.0499147315749522,0.09452704550728,0.0372666478074204,0.678277247613361,0.679312876883493,0.679291713023618,0.673898103724872,0.817806527757879
"218",0.0928679657112095,0.561344152584514,0.0896186464533638,1.24592606017698e-16,0.0146406299574871,3.75906602025559e-16,0.0110694061850396,0.773794375462823
"219",0.440898195751652,0.776523396980411,0.433786157134939,0.0122163672586852,0.0549008012964343,0.011931345173471,0.0521890161651524,0.938645834052924
"220",0.528431725325806,0.637296991120309,0.604975325801585,0.143919880696978,0.357602293146262,0.151132023416588,0.447845960537366,0.529737116778388
"221",0.939548428695067,0.970614864190048,0.923914656108212,0.00288273293599829,0.0845305536052216,0.0028173489952867,0.061349356404926,0.666641799755117
"222",0.781489748174723,0.857962829626298,0.81171875699412,0.010014313879947,0.070768022838542,0.00982508006724448,0.0629113919808864,0.920888750398563
"223",0.428928990138486,0.617557940958847,0.328392831787506,0.0806966860053855,0.258783573748334,0.0808468022985107,0.263913011748046,0.742721352313703
"224",0.783926549066989,0.80862388091883,0.843027404201335,0.0543681039205233,0.107760232505815,0.0549998598858809,0.0911804947712683,0.689854459284166
"225",0.0730407985142189,0.129517321333407,0.0661722376099096,0.77036245069272,0.770371137544925,0.770384351722503,0.833801821223106,0.990630558242283
"226",0.0351480163241714,0.0923436003984695,0.085400133020996,0.549830137487685,0.767537262170973,0.553980199472975,0.686194095500236,0.957120968518159
"227",0.671864795292273,0.79419737734197,0.668699344093427,0.0439502572353569,0.168796610132459,0.0432087802513411,0.152282600624331,0.952160475779417
"228",0.271820508885372,0.712152128414384,0.226028731727486,2.73576881331257e-12,0.00987195045973097,3.5630285505576e-12,0.00423345790801438,0.910359865799314
"229",0.161181821580212,0.322703705098356,0.125668233748413,0.410304895411069,0.773125203772578,0.409377535569213,0.607369296034491,0.876343414811862
"230",0.28153666969026,0.33159463442677,0.250536071625673,0.696379341750667,0.679009354386753,0.695520382415969,0.724899376623261,0.821735660424682
"231",0.417714059820589,0.495466647463265,0.448067014599227,0.457242358605781,0.455676551574652,0.457122046016615,0.411201070511669,0.21150250865489
"232",0.875527883143716,0.956001262126583,0.677889382717364,0.00228609003481781,0.156771738285942,0.0022495107879451,0.0997450799113355,0.946016203907079
"233",0.751002896872819,0.839834741840424,0.660945209234332,0.0186147133629791,0.0182834541886637,0.0183773355941672,0.00616221656514081,0.387662469716984
"234",0.572380253012477,0.760051371030201,0.466301855342216,0.0561967142555218,0.159594217217859,0.0546540290029329,0.154047740550235,0.861407803843914
"235",0.676969748839557,0.721166097516156,0.730277317485083,0.264350858629505,0.265366986061246,0.266342140851832,0.236504335670443,0.553259964999382
"236",0.706024482379524,0.756161221122206,0.806782284380421,0.0332804930087008,0.097092134948087,0.03309699114221,0.135395434883078,0.623049117369039
"237",0.212613352659723,0.317773035906462,0.189518215254617,0.647221282192034,0.684553259021575,0.646325070729566,0.747624538243128,0.842942454427989
"238",0.223609562122311,0.344556754734049,0.202315879192405,0.00104876381227779,0.0381503888501485,0.00106893991943188,0.024019256598315,0.878816345592009
"239",0.00446750753328892,0.0215383118317903,0.00251943769119407,0.263122151324457,0.330354844276046,0.264947449643802,0.359666339880905,0.541392771027452
"240",0.522364423627608,0.714558235895697,0.514617686784627,0.000408697866255636,0.000415659400185408,0.000428683225420904,0.000165852352361036,0.658491993768268
"241",0.453324682779634,0.533269514184526,0.415468115518562,0.454567642348878,0.436918727262137,0.453227383502799,0.52138587180737,0.933765326240923
"242",0.548272079920283,0.794067921174508,0.508146655871852,8.9194307100579e-05,0.0949971133543977,9.30155622206834e-05,0.045648248202724,0.734134024788998
"243",0.608617921818634,0.99119142907949,0.590530934833098,2.16956711688263e-11,0.0307816229702494,1.71437183385641e-11,0.023301490073693,0.897663406719861
"244",0.561695739277849,0.998211483861806,0.514600134366915,3.67009707336058e-20,0.0232700374926989,4.38153224510718e-20,0.0334737024606299,0.465822004018915
"245",0.483259066812596,0.536442919646301,0.423715369521037,0.382047762560873,0.692222727556917,0.381900347269504,0.57303458134778,0.507503669063914
"246",0.713508754260986,0.810304848192592,0.664753018781775,0.0429832017691932,0.368586456403148,0.0429586997661031,0.197771370056556,0.762193120972317
"247",0.453285255015694,0.765089361074306,0.391047812543416,1.11624731152707e-05,0.0205716604062293,9.9225397478902e-06,0.0309208817912346,0.97155728239656
"248",0.739452224447561,0.788495597792731,0.630999495260056,0.0251903396841833,0.0246652042274923,0.0246289953151961,0.00599888658340382,0.543087707381711
"249",0.253363553521257,0.998919698410753,0.223800759272357,2.67984362867541e-15,0.0531066443542765,2.77712437054451e-15,0.0577487316768998,0.757838416716422
"250",0.695362502275352,0.736957460889226,0.634696812867646,0.203771590261163,0.298647646057488,0.202165697603422,0.274062906338406,0.581014729947018
"251",0.952458690909694,0.976136169511036,0.968678625217122,0.0209761624454771,0.0936415704957329,0.0205963136721435,0.0994251910404156,0.780309479522925
"252",0.629037915578234,0.817965365834766,0.603294443253038,0.00179224443293788,0.0332696425677962,0.00185654904127516,0.0401750292607562,0.863840733202025
"253",0.000929841930796847,0.0698646307269717,0.000592533717482316,2.05840489504899e-44,0.00150982814903535,1.13310685925718e-43,0.000176701793929363,0.681089569276336
"254",0.975264822015326,0.987746078668145,0.814999670175498,0.000729601589370302,0.156627311819955,0.000725299988457775,0.145174460313297,0.762908534980116
"255",0.790942457180078,0.966103327219002,0.817044768708156,6.30471100553682e-08,0.07840537881913,6.30673961768458e-08,0.0483079304741959,0.96529308592498
"256",0.844172821922905,0.866872965995648,0.91415413435571,0.0578455303252683,0.0570073187599878,0.0577194962998316,0.0250219625327277,0.753924959635561
"257",0.553611363939153,0.612699523242644,0.434053595879254,0.24977608202156,0.429560939403822,0.24786378042819,0.413301472500282,0.660383763971411
"258",0.45747097831829,0.540103049481031,0.52865674604062,0.310088790555572,0.413563565958205,0.309501165164971,0.411284628181225,0.749331244708415
"259",0.272143496774081,0.606406048241966,0.202389354877537,0.0680047224369756,0.162783717361901,0.0687802964200138,0.13624199376202,0.967670520822022
"260",0.658851611704608,0.779107280188322,0.846814411532909,0.00205015086540314,0.104867885301559,0.00204618760697824,0.052453143820129,0.591490032116581
"261",0.648488295790628,0.695942491954842,0.734037066596495,0.0357796897588774,0.0469480053364549,0.0358285962707755,0.0517072200641495,0.837374309742099
"262",0.362040233004716,0.509143939896999,0.243746717388848,0.00050426400655018,0.00759170979522228,0.000496513366578287,0.0465340263390311,0.718160398750765
"263",0.56695811899236,0.643059652853185,0.352161467724667,0.00744803611407602,0.0266355441347601,0.00727719502658379,0.0255885141274103,0.879062723371166
"264",0.0474829381458275,0.0848327831260479,0.062263061714133,0.534438946428485,0.534561286121508,0.535404212180334,0.549423608555525,0.659887687250452
"265",0.932638702130004,0.939571589138407,0.693443604653141,0.0854300934550167,0.202744488998509,0.0853872417870846,0.382482686997885,0.709759523317773
"266",0.956676448044454,0.988699031538458,0.920416492789679,5.34604670733091e-07,0.126276517597169,4.09331653659166e-07,0.0742218991345337,0.992732305506662
"267",0.425330232122213,0.662881108632772,0.275966271530317,0.00142543728195527,0.0142278971128343,0.00141313339734383,0.0136945849494904,0.713659534227301
"268",0.763740181883296,0.947682584823986,0.789222233951813,0.00146154371224536,0.0242873271856557,0.00143460465330633,0.0343969792942517,0.89653527582795
"269",0.260525978525607,0.416510224637999,0.252605985490043,0.424692528265887,0.573303958539275,0.423293842370879,0.561774707280208,0.878361858358851
"270",0.844227223466012,0.864886962562065,0.817164771211655,0.113922581588879,0.397634557421857,0.115466931402659,0.341345517592169,0.944379745907076
"271",0.500641280888089,0.571784868201617,0.480039550475223,0.400237611522709,0.472525587272187,0.400952304269486,0.497800483457033,0.862481468127643
"272",0.0655650403004859,0.146341055961683,0.0608046125835036,0.969500432737404,0.969498122241354,0.96950532969205,0.970430082254083,0.880192593117616
"273",0.0579870248561237,0.906522925623236,0.0738790150163575,2.3674452376676e-07,0.20865273080917,2.65284683982832e-07,0.139338255020107,0.92168086912147
"274",0.0961224552393896,0.218485664728475,0.0599311179588924,0.761298540326415,0.79037184248201,0.761238902968965,0.796610580941827,0.550808201863591
"275",0.753697754216795,0.999872540083549,0.624141441228959,1.06913751227696e-35,0.0107554041918116,1.46740384883602e-34,0.00201642959267722,0.518663941476915
"276",0.753120477925,0.801477764733498,0.937050016637764,0.0441145618171764,0.0437777729646334,0.0439679099093197,0.0227664398998409,0.964445964735272
"277",0.150697608322236,0.206997608450658,0.292834493704251,0.971277456819147,0.776541312912869,0.971367247067363,0.984764214063105,0.702153859650566
"278",0.366543428375335,0.994992500139689,0.342490709436706,3.97004345291584e-20,0.0079974913351233,2.05423397258131e-20,0.00352702392567047,0.595160576291356
"279",0.0240030746609552,0.0390771605816798,0.0136448941757913,0.220341663535265,0.445460797044199,0.222325753594976,0.440329681115064,0.979787232229692
"280",0.947240620602255,0.958813133678403,0.802898695180595,0.0650261009441324,0.0642013560696693,0.0643291015173471,0.0665761177105914,0.74237633469866
"281",0.90787494529836,0.919303594840248,0.74236228150403,0.0360915691608431,0.109657496173406,0.0356108068942138,0.121096575898333,0.780080920077127
"282",0.410160737383633,0.926872942845052,0.457439785358227,1.00403547436059e-11,0.0385710176960121,8.49423906266965e-12,0.0350153837850384,0.858938720602279
"283",0.803838367071626,0.826036777960685,0.895265931504103,0.0136169411830342,0.106604417803579,0.0139671428029975,0.110315711740876,0.530657308674724
"284",0.145116680795645,0.474968023574196,0.102671263906648,8.00402377838476e-08,0.0020861608737249,8.75135864297774e-08,0.00230154876297632,0.837384462127055
"285",0.522769545809807,0.615082236327207,0.532040425835054,0.197296083230639,0.430128360912291,0.199935416130577,0.484887649232657,0.991322236264047
"286",0.548128209172813,0.62119351633365,0.455877981589703,0.0153653114774302,0.123612005190156,0.0156572841469507,0.119149148230951,0.854063612897115
"287",0.0257773710664996,0.0718388852998421,0.0160652608617564,5.99509988348904e-06,0.00101203155380497,6.8194353719741e-06,0.000511016433483572,0.683371781262481
"288",0.0177001004090972,0.0310053494196407,0.040844789812003,0.00802207300348133,0.333587016874331,0.00878379141157829,0.210046832727422,0.206515853893145
"289",0.336130487220093,0.446862267958059,0.269969158788479,0.0032472435346512,0.00566862015797708,0.00317653430932474,0.00657143683974408,0.847081349265404
"290",0.00581102658897357,0.5284830454408,0.00517504749322012,0.00374074790645528,0.440079596283095,0.00350069723578897,0.29919989984934,0.760485260363823
"291",0.171831378515215,0.404331927942535,0.0840883452905935,0.341569562546567,0.341940021772998,0.341601959771703,0.310037814837341,0.993039893174235
"292",0.197101439890735,0.388880931682274,0.141395441875008,0.345828086511195,0.545972427036118,0.344968078798534,0.487896940558847,0.896387020808384
"293",0.656524312686307,0.893025298099828,0.78723762872742,2.97859749775965e-06,0.0455703263469823,3.05678891155512e-06,0.0548397087390255,0.991380428645243
"294",0.279942742027976,0.443569778264397,0.342162824066267,0.298310194652503,0.310990749012264,0.298152524381895,0.32487669219409,0.820650710525125
"295",0.289228983549196,0.389025922910799,0.267476847533542,0.00121496496251542,0.0435132903301039,0.00120996631438032,0.0181766734628103,0.775789476198698
"296",0.79662379307675,0.906033732468453,0.771531675791533,0.000751141614120202,0.22165069344707,0.0007591178586936,0.110231388242785,0.149754242313596
"297",0.798592981245141,0.812946198582208,0.762083468307781,0.216760950665044,0.271343843032475,0.218568091488163,0.309824949728618,0.782256718311042
"298",0.569572433177142,0.842309313729861,0.534817628605917,3.30922259550446e-05,0.00028252430920139,3.14723760555381e-05,0.000781440674140944,0.981862784352641
"299",0.212240983127791,0.437415135319026,0.155531386452192,0.256552718197984,0.477545431859648,0.257275244622088,0.372195719958541,0.678758350392079
"300",0.885573154547534,0.9094853093112,0.782559027093878,0.0254173485187819,0.176958251336506,0.0253327702776311,0.201873566938049,0.697087144633679
"301",0.615763460651062,0.873330387535844,0.561623000739391,0.00177451820860693,0.0842254413823572,0.00185857067487283,0.0802965114058207,0.957090000277065
"302",0.506009700520429,0.576912434573762,0.581256182075133,0.0189103431255039,0.0399996095782881,0.0190938570570626,0.067059935094319,0.494009879861538
"303",0.926737860880733,0.959790274708843,0.878590255974682,0.0243931614512013,0.0866927599879177,0.0243304181548567,0.0756881790753758,0.472401240203045
"304",0.65186609462839,0.699839504298352,0.545014167943452,0.217663171259604,0.250908466190889,0.217003504546913,0.276360691936853,0.516204387879613
"305",0.251014997490697,0.318359648605719,0.184660644355797,0.74986682245854,0.878010846742657,0.749551656738394,0.825745508506186,0.549774239085777
"306",0.698935050525746,0.726012177310724,0.572434170582892,0.0261166404068533,0.114990058611801,0.0257405686933937,0.115351546715312,0.916244681471315
"307",0.177393568766576,0.264697880107291,0.135085470997944,0.000164975763125337,0.0021947335654765,0.000169402239540982,0.00186843991508025,0.781611539461162
"308",0.50078751051441,0.999680289047473,0.540875731648977,6.39118810566078e-25,0.0170069411064183,6.34965276703789e-25,0.0140402840186605,0.644521721547038
"309",0.367825815828062,0.441445052438305,0.316193189307296,0.503055494532487,0.458569087294548,0.501405785751951,0.626645200377087,0.996158843079576
"310",0.341106036608068,0.396614069473938,0.219975331919104,0.600023220765146,0.599033323503511,0.599016797035435,0.564547367634408,0.997618154497786
"311",0.479509223783413,0.723592832263122,0.29387276023466,0.046054713040886,0.19788603035216,0.0453393980970609,0.190029889368763,0.950950917195377
"312",0.170060847322949,0.241162714823442,0.174046391926888,0.958191886418905,0.703342962996305,0.958318147368662,0.97268690655723,0.989934179348759
"313",0.0183591247956877,0.107887431367433,0.012867465584926,0.698582521923791,0.924870346533172,0.697443993118641,0.828975497204554,0.638815373657939
"314",0.377582868210794,0.648504117288531,0.586407440830665,2.14698829471732e-08,0.00937459938394671,2.03189219751663e-08,0.00246931169627188,0.932699626806832
"315",0.155293623416202,0.272809699144249,0.117644619840223,0.000150424199132449,0.0264538422847679,0.000156098355997475,0.0152538315931476,0.905258625359931
"316",0.412820973848516,0.630975475079296,0.361551557932647,0.000482523214898588,0.0500891996113056,0.000453608996788584,0.0612083485253883,0.634296242008411
"317",0.175491084847395,0.238566225748018,0.177355460910135,0.727838174123622,0.760920798742811,0.729599283818335,0.930915072825921,0.771917203045359
"318",0.532788331774144,0.731850178579725,0.470993067414617,0.0326119420852214,0.276372414782146,0.032889360304026,0.163458196360652,0.890681963791627
"319",0.269995603639483,0.367545950873282,0.30609661097195,0.443725500624525,0.675945343365809,0.44432773303411,0.582044060203614,0.356057396588019
"320",0.940223619799121,0.96571808180287,0.882584013413699,0.00825323627189208,0.156075274399349,0.00790178541382281,0.107140654758625,0.442339008013447
"321",0.735913056582381,0.922936026683553,0.723696750825437,1.14070892189949e-05,0.00709198405694246,1.18308674678081e-05,0.0070125510849039,0.450190349359299
"322",0.579995848676653,0.768287429516433,0.595240981763353,0.00114933619886162,0.0508812830861564,0.00113085166171012,0.0475102955137575,0.59886990128436
"323",0.185317029710292,0.231376987377224,0.0825480126408541,6.81025589388973e-05,0.0664215117909328,8.05459319926538e-05,0.0660655967813475,0.672948764687179
"324",0.281461192458214,0.531163079622092,0.274318297861281,0.220929887221282,0.404066023836467,0.218471957524575,0.369482715666979,0.840070308609093
"325",0.693211350720639,0.760591618725881,0.861690234775897,2.05127179572921e-05,0.284386585991446,2.75279451725148e-05,0.203195037828009,0.85700672053266
"326",0.275088587384424,0.502159725730364,0.281332920584112,1.66169399341337e-05,0.0412729507816595,1.72157435906998e-05,0.0226230778493665,0.524913184628803
"327",0.252412154246932,0.444688315229796,0.154822497112416,0.317032895735467,0.444809145301123,0.315307117226137,0.417007967342948,0.74425512415207
"328",0.772341936651311,0.843359572409705,0.94786232964179,0.015590631887413,0.131282148084163,0.0153341727756561,0.0922807697577558,0.586135631473405
"329",0.997800443755595,0.999178883839071,0.942481234647037,4.66047792470322e-05,0.0553155048407122,4.67529144237776e-05,0.0399785088969822,0.928542415215794
"330",0.220953144970146,0.368746574885124,0.187229636745116,0.46191443316774,0.616417551887328,0.463487898824354,0.59260425659144,0.768288285257807
"331",0.872026697108972,0.946877326155915,0.931153805963384,0.000111206636749947,0.0989425228234247,0.000113768811955607,0.0648443565803425,0.766443637104108
"332",0.516627605560599,0.726939423260957,0.688554503667449,0.00721330419936472,0.282521657159175,0.0073589410626685,0.267714352121196,0.959367449600677
"333",0.349181289756283,0.422444249994192,0.381815378199678,0.00406679952512659,0.0765166911883924,0.00436168489015103,0.0663163324576981,0.554071361654564
"334",1.59602933196404e-05,9.85860311251674e-05,1.93221843832939e-05,0.000421978073317309,0.000551503616028762,0.000582475054629798,0.000290983415879241,0.343431318660438
"335",0.280753765432064,0.886748557955846,0.426890399017477,1.20691399738273e-17,0.0343143548577291,2.32000128077986e-17,0.0587933998520124,0.830699205368639
"336",0.30152048866257,0.369547853363467,0.282971283630072,0.718302240130154,0.726253053940104,0.71780783625404,0.758601795182575,0.901924818049513
"337",0.649844289667786,0.749551355640901,0.805971512679562,0.0750356232544036,0.204568167920079,0.0738940855524182,0.223243934202721,0.982030141630119
"338",0.739322244038263,0.741269657345265,0.658790857972054,0.0266632810877994,0.181849341469716,0.0268319910480385,0.138013821059873,0.983297946589558
"339",0.0560625927982634,0.13535204406287,0.072808632414473,0.99221164720122,0.991715233212084,0.992184960594244,0.991308107544777,0.425560336172205
"340",0.348748779434015,0.46472098293097,0.374680782738754,0.368046814281605,0.500488199761639,0.367778313943847,0.482106695707733,0.630083663289962
"341",0.685060790144536,0.825860302866356,0.624643101914033,0.038587949553551,0.0667611377210543,0.0372863717678701,0.0581579263588443,0.854935208502185
"342",0.442624002912151,0.501263640956654,0.157090533408104,0.00363831484396843,0.179190626573735,0.00376675972345688,0.0798243826126648,0.896001227832476
"343",0.529203992907047,0.999995497830612,0.477765658942037,3.5233978605809e-22,0.0177297240537071,5.75932366809733e-22,0.0078003256565426,0.754006161781775
"344",0.386072399980461,0.585726654498262,0.319361574681216,0.000837536325008882,0.00886678004701903,0.000861626562706454,0.00997874061955359,0.942968183671797
"345",0.747036892253893,0.830005661047735,0.850196938288932,0.10114492380106,0.101044936168765,0.101201553828746,0.0336022984294598,0.495471387537539
"346",0.149871614836119,0.256059253793515,0.325174687666612,0.816878918930684,0.706108402693919,0.816926326141799,0.862287754264969,0.965269580822093
"347",0.000408023660029219,0.0798730582059063,0.000688320747036908,1.16621441462744e-58,0.004038326695557,2.19063590851736e-57,0.00169099726472499,0.635109390680396
"348",0.996895033233884,0.999930434062603,0.913623235432551,1.27115496119751e-21,0.0092398738373303,1.21630590287987e-21,0.0083452075878518,0.7163786341966
"349",0.485985186221926,0.648998626129397,0.441232514029728,0.000718918592411401,0.0518092513517552,0.000759046529130741,0.0348640176268117,0.60278415434423
"350",0.586032757674219,0.865404252017894,0.554342793953642,0.00701844480471303,0.149644374337336,0.00708795434819552,0.169926160772107,0.575015160869379
"351",0.732839231885931,0.753030275752559,0.606502297656279,0.00746874565983832,0.311467223391371,0.00735432973706337,0.178651751673592,0.862728856699971
"352",0.274186705229048,0.66884855200755,0.233292099872175,0.0135899424048621,0.234730113732134,0.0135562761551588,0.225513350638465,0.254776031260475
"353",0.921770909761891,0.973940254889455,0.824839448849316,0.00120087826899735,0.0409986996143577,0.00114686975200595,0.0401556724866337,0.762911569751482
"354",0.566252953452417,0.714089257130766,0.49894134689733,0.00295320273942493,0.447720847465468,0.00300425689963261,0.292495861314212,0.733547065606057
"355",0.333149883323664,0.631714956828843,0.349342329513304,3.61595882553862e-07,0.0437136134401734,3.79179759103632e-07,0.012324994178809,0.813728123266154
"356",0.43118658675971,0.462350997141611,0.313395021531856,0.00504333998881383,0.124746326789737,0.00505920500275994,0.08956576163742,0.769753746694148
"357",0.193343529660721,0.288021147574899,0.150215036844302,0.740718066752165,0.636962239871788,0.74007811597812,0.802272724085205,0.510309710094397
"358",0.946779164255648,0.956168682635721,0.96334668772638,0.0617879007142825,0.0607489300299909,0.061569715055426,0.0402448310335596,0.396721950120949
"359",0.980864748431892,0.991481850880591,0.986123302798892,0.103084649479586,0.106733645402203,0.102530447384693,0.120601034132875,0.578032312189361
"360",0.947330325107339,0.923507861011509,0.991674092628705,0.0257109901304399,0.223916747906471,0.0251368074577084,0.138893965228088,0.473815932695055
"361",0.734064443051302,0.774176699832454,0.87990524028103,0.00878840047505316,0.112587493166008,0.00878387255650337,0.103408654082011,0.913916597711059
"362",0.265153514920504,0.359508636956828,0.33114289766751,2.7609853828081e-05,0.0749474974441032,3.10274653849331e-05,0.0639076732977372,0.82895476424358
"363",0.904939702605261,0.8930571642857,0.8248459017757,0.0541145932600765,0.0862583080657558,0.053539572490308,0.0804577667828692,0.697225290228648
"364",0.298203655759913,0.61868962533806,0.336125067655274,9.33472705581316e-07,0.00428388092685817,9.30306872873783e-07,0.00144280041051015,0.738707643044001
"365",0.28233401722734,0.822323788045973,0.245425607805994,0.000593382426403154,0.166927177918083,0.000547356275698138,0.102043568620088,0.504214897993153
"366",0.875493646441116,0.876339022755838,0.894997800385191,0.229342462138028,0.263607055461875,0.231193403445863,0.374115417069657,0.92379019570745
"367",0.370773525553648,0.42400452779587,0.352045681899082,0.798567735193285,0.611029425677077,0.798669568939831,0.870350817906783,0.906485063790891
"368",0.615150307849523,0.663950854201373,0.521135012787982,0.236645449719991,0.537885197034598,0.236008816418619,0.464808970140959,0.941865285688551
"369",0.745101287142558,0.818798249148934,0.71599108979403,0.00640660351162672,0.0239586095332137,0.00641833747041823,0.0269014224053375,0.805495422124832
"370",0.286092854208133,0.64381465339946,0.206076881156371,0.0571029300390954,0.339436077017713,0.0574506156343761,0.27332976695947,0.987339562597163
"371",0.222488232166391,0.417123824041508,0.175419069072529,3.40221002949847e-05,0.0509256913869075,3.38443199615587e-05,0.0204927962521433,0.708097386002566
"372",0.765115563936161,0.833621572983928,0.664393533314299,0.0344665246968453,0.0929001733534558,0.0346907777513954,0.106807578471438,0.986349197747612
"373",0.977356148844648,0.993831631079977,0.958929205195446,4.36360457895636e-06,0.0885298301887468,4.31771852109578e-06,0.0730557279290465,0.986018583650348
"374",0.51376257656233,0.633036118340964,0.59183420074771,0.166926550306687,0.374187443736313,0.164664373080307,0.383855126637079,0.694771104268573
"375",0.5883665110414,0.705567909675841,0.48418696174342,0.078856162968091,0.269457084029961,0.0792441161274956,0.335261895223522,0.89259040149494
"376",0.0242168355954969,0.0343541984045577,0.0347416214526288,0.103579274881976,0.207985795299684,0.108912211267554,0.145502632341143,0.445888564450164
"377",0.705937104191315,0.75888909414432,0.697183914665526,0.0429262978147891,0.0429378982218058,0.0432008780879323,0.0435417428046943,0.506907829249314
"378",0.567076755881775,0.6298891003512,0.576708575007777,0.221277414283959,0.53701706438386,0.22034960006827,0.472442057262038,0.659815324477588
"379",0.471705508528942,0.533785621065912,0.533909970359049,0.302144818709479,0.348570430942547,0.306061804437646,0.474842314575035,0.796888667945421
"380",0.78152423143378,0.838521145886003,0.890503721526436,0.0110117738914869,0.0705918713526252,0.0109945660831281,0.114577350082625,0.880836107564095
"381",0.44754284773856,0.627481966639625,0.481720904926686,0.000842514582525742,0.0247342346550117,0.000825973743930444,0.0381978279407795,0.782905957941428
"382",0.6920854375196,0.79057716448633,0.686403208615494,0.044670353594999,0.0935686228815219,0.0452652746080285,0.109061470092758,0.465181992345622
"383",0.424835277987691,0.653321820451535,0.327889886920577,0.0782528140652643,0.147086370830294,0.0784848534746787,0.206714189948999,0.509372377365877
"384",0.55247927117583,0.704014005320133,0.392719560998719,0.0917727444345069,0.125515895470726,0.0916871930510734,0.124307729036269,0.834203918713901
"385",0.825333677190372,0.917558165658904,0.839573315377484,0.00164416005397788,0.0248531329057194,0.00154664556135345,0.0142175171421675,0.797551234810984
"386",0.579634290110577,0.800910947224648,0.619912927326009,1.16940328189296e-06,0.117037650321403,1.3840940637311e-06,0.048302156753573,0.945509618314093
"387",0.0752450233550813,0.195756264120576,0.0712408519691211,0.814905498614774,0.833901433329603,0.814247109772761,0.866890152576027,0.571094548975603
"388",0.065537767321425,0.918274944870815,0.0658051763493609,9.99817069515455e-09,0.136997325947757,9.29158545972638e-09,0.110591265657149,0.907556782107372
"389",0.424911367167528,0.541782339247436,0.651895031336431,0.173138627845542,0.407636965829445,0.175072239482213,0.524341003867191,0.931335321544124
"390",0.594461081393741,0.790315618283259,0.649587072577296,0.000190730521193692,0.0645502956433187,0.000192665871533783,0.0376703509913973,0.623429052707459
"391",0.32711473763133,0.70364766295171,0.296220314730685,2.55615347632869e-08,0.00596344898982992,2.45566158018454e-08,0.0106917653168663,0.73239356558739
"392",0.993137253783721,0.997715493865715,0.977065980483455,0.0400320285394297,0.195000020503521,0.039296792059622,0.142869171579717,0.667973696539809
"393",0.419229752106776,0.586589092184819,0.29051112554721,0.207056937257389,0.206349826333328,0.204660538194244,0.208409944455273,0.857880327889673
"394",0.686211304898762,0.799501515945567,0.812714205581921,0.00393440741920301,0.0482823083582281,0.00387094257313019,0.0361502377676511,0.879731990152298
"395",0.801764402092442,0.9281012951075,0.826916065454285,1.55560902419742e-12,0.160756009879558,2.26642512028494e-12,0.0817880736679019,0.791738715992205
"396",0.266775966647773,0.56049658242875,0.322618964612362,1.2594296916846e-09,0.0371694162484525,1.43241959455519e-09,0.0234429518952816,0.412887353807232
"397",0.728255345474284,0.823810382685144,0.719099247840928,0.00168815501566434,0.364608567362803,0.00189171528109187,0.22943394359437,0.766283497222183
"398",0.49063346066348,0.659919279823726,0.654400945607605,0.065140507421315,0.311526381689855,0.065887231572275,0.310712511571822,0.506827676681809
"399",0.971522041795024,0.976742635040528,0.664097292775712,0.105537481794829,0.306883254876953,0.104784455824835,0.235876246674267,0.841367189445005
"400",0.393589799499618,0.44073574271983,0.468166960111135,0.587507866970137,0.540910298928195,0.588937216694087,0.692569559317729,0.63684147706379
"401",0.165732168971221,0.244739492610452,0.16554390745867,0.812697997829195,0.824238725678316,0.812721063513677,0.834261824860839,0.786718357044069
"402",0.0421372632553378,0.0626851195864844,0.0441960116774643,0.36407463981707,0.562535243032324,0.365063273680238,0.453610081230442,0.573837461367518
"403",0.759644570827507,0.789857422435201,0.540357584547655,0.144414693889756,0.145428755603594,0.144450356132261,0.158469882477532,0.549978689159184
"404",0.729864271468857,0.769583498355407,0.743504533470867,0.211322199633362,0.211578879140403,0.211940765592387,0.164469731248083,0.780188931704762
"405",0.330986472844427,0.925925322216316,0.178900626520685,7.13798263045505e-44,0.0106993998441687,1.38676850043381e-43,0.00325836364160133,0.862427224987895
"406",0.657987800354431,0.707783556283106,0.47107908966734,0.261029067722104,0.260568673616186,0.260961110438628,0.221594360730305,0.87018673777738
"407",0.0322608394078274,0.13552914904316,0.0205831484041502,0.976233716617744,0.951147686667579,0.976224469562667,0.984131269820189,0.546754713910034
"408",0.00665398162069646,0.0223706030179833,0.00443829261124961,2.96924291146833e-12,0.0035507128422746,5.59043084156462e-12,0.000888493220521418,0.653470051129258
"409",0.153063304096124,0.227410685120624,0.333763105918253,0.912107851486349,0.908025567544283,0.912189785385792,0.939734955529076,0.672568612567054
"410",0.758666976247794,0.999953675033472,0.532451510532026,4.21994753741312e-30,0.0350455664969768,8.79786152255303e-30,0.0180047356817995,0.495649018036389
"411",0.190669853019667,0.28991453384593,0.132438081640966,0.638529896657087,0.741263666627472,0.638501120614305,0.713215152859531,0.997468686665033
"412",0.224181399008954,0.321824756476396,0.144971275067216,0.682688560934516,0.644113421490433,0.683186783184217,0.780366856124913,0.424316892661499
"413",0.198612338119044,0.566660155612169,0.167207374836708,0.0347648596430224,0.446174498241968,0.0344161859878098,0.333395189403142,0.853110185681797
"414",0.0239436167938957,0.986695676925835,0.036291386661229,6.78212035631637e-14,0.0464856491400471,6.09594450733443e-14,0.037635818160889,0.813836457331334
"415",0.612238107652395,0.666336476139098,0.909945085528448,0.299702057251742,0.383295601751392,0.304416741897881,0.457061114948829,0.633991939031266
"416",0.391659964853406,0.470790788073705,0.197200246834021,0.486249300965542,0.587155427445242,0.486260771858696,0.60398804427982,0.834455058366335
"417",0.276040136272058,0.365420989706638,0.151992419078492,0.684433457106023,0.713409777710587,0.683454208674141,0.746629245684249,0.402168027970508
"418",0.237516070878,0.999892076542285,0.215442137053705,1.27586213103397e-30,0.00744741834118946,8.21449843984528e-31,0.00330447387791313,0.425755632592209
"419",0.000903940302135851,0.0165004808200196,0.001209540616651,0.0604483367816332,0.325235318353707,0.0614373493020188,0.249476150001661,0.31991469643513
"420",0.347658306619069,0.444889944189775,0.255575206324427,0.0077679497662331,0.0323573731426716,0.00787320976220853,0.047278026102675,0.620293686645375
"421",0.571753149834049,0.684546355722786,0.435304947931329,0.122003800338303,0.172086451868306,0.119998528847416,0.23309853266346,0.982637875965837
"422",0.724414282843305,0.781664314090466,0.595714182866041,0.12966296263751,0.128500058297043,0.128024991165174,0.110339840421618,0.918994650997155
"423",0.504206454954466,0.61186339629993,0.406423139673575,0.217313468439543,0.39579798582172,0.215305590525762,0.334195313766716,0.879971218185621
"424",0.630881883174088,0.731944156321837,0.753806370546283,0.0139126125184215,0.0311514640069792,0.014017951156652,0.0344028336536586,0.954598348516769
"425",0.347222382905099,0.740442969421074,0.321087384497749,0.00481255751909572,0.29228538926209,0.004701588737511,0.260719579950845,0.869097157190243
"426",0.675387524602518,0.805662938379855,0.60419632041538,5.42469984148689e-06,0.139699085684994,6.62205072579139e-06,0.138629726508903,0.668738833888723
"427",0.0861216923413137,0.144983238878313,0.111269831696573,0.956415359500728,0.77335953258395,0.956439939116823,0.967219711879294,0.890316610954564
"428",0.203088729507318,0.775508109417674,0.1961201568353,0.000363922562694996,0.179794955962122,0.000372690855077364,0.170504788524143,0.396085486375588
"429",0.0695704965067047,0.203479132499471,0.111257553707744,0.912646891906842,0.783030402502707,0.913483643451627,0.941733690825297,0.65710586031564
"430",0.687186473291132,0.740085544754246,0.522174163806664,0.14189553672534,0.325675410689384,0.140425585218816,0.372658277219899,0.762091884776556
"431",0.126950654910576,0.412592398947893,0.0518022434099684,0.234215726527024,0.472647632214789,0.2312341946988,0.381078411614106,0.820902041829155
"432",0.309487063868559,0.674807411815518,0.367019586028208,0.00354449312999216,0.0133002624095173,0.00326240616374622,0.0237515713174324,0.736740812313372
"433",0.973072206732356,0.971727852272097,0.977136736926165,0.0243593385688058,0.137173474146016,0.0244231606236268,0.209322135014124,0.769454168456101
"434",0.354359137138832,0.447170434592833,0.175047335527902,1.62040895401008e-06,0.107669455806793,2.14906853428901e-06,0.201269901399118,0.671031006887824
"435",0.0830910646950154,0.161432083609282,0.0656564197177595,0.000345849928194997,0.0139789030545157,0.000379758209690977,0.00943748073186929,0.922802929492683
"436",0.109693219944785,0.490185327993345,0.0974071023361545,0.0979669107111709,0.321066336693051,0.0971202331750339,0.323803502979707,0.981086568814832
"437",0.730132903493767,0.888693812225334,0.830180444833392,0.00195884335099512,0.105819392114266,0.00197893782733988,0.0818684359412349,0.987493428837271
"438",0.712775414594672,0.772310267996885,0.619654249780172,0.195792181021994,0.212187616575473,0.195461944274216,0.228051817941515,0.556352240723572
"439",0.0153544098447604,0.024923148511194,0.0227036234358243,0.0151252963599612,0.207144319388519,0.0163190459464306,0.131550152280223,0.963676405342012
"440",0.896171611237139,0.941728225364693,0.983396246530845,0.00406827865752131,0.0968360497287064,0.00386591266149059,0.0579687505161481,0.888007660030548
"441",0.178538700691945,0.240482350643913,0.231928636348378,0.86530267876398,0.847915984989007,0.865906757947167,0.881806699026685,0.533692286427568
"442",0.426218039901747,0.52257443665307,0.56239565924977,0.00866114433647693,0.0086496616684825,0.00875868730041714,0.00615852162091719,0.925751556133552
"443",0.743447178333208,0.886705280015277,0.601751585362699,0.00343202639686217,0.11590460707742,0.0033146659136054,0.0952396213636261,0.856919477296088
"444",0.332335559201136,0.59719172686854,0.269538589617066,0.0976889071869202,0.344420370519263,0.0966377651276445,0.357154584072214,0.657476051634976
"445",0.0296002444114135,0.056342102160198,0.0232389956135776,0.267546524801643,0.493714513871604,0.269842065623655,0.404344745456223,0.955876006746638
"446",0.348417168865796,0.680571075226448,0.379859583774617,0.0170227233162601,0.0985380917558763,0.0167503308612936,0.0945150989359744,0.551571681332734
"447",0.0998554754613617,0.180494993980725,0.152336006396863,0.875638911330336,0.876059121058132,0.875787108522565,0.867167994386361,0.691374620042767
"448",0.17274134302238,0.279873308667504,0.09895645411058,0.000649508197518198,0.00373898164214077,0.000681609814949196,0.00421977116275313,0.52104199167535
"449",0.30692068184688,0.41634084628497,0.337257205173853,0.420775006078454,0.500238365301855,0.418860116531516,0.470530177463615,0.947675103082235
"450",0.581316932579743,0.741018885386816,0.525064838716313,0.0642140329323061,0.321876250549829,0.0647365593097155,0.227883348587724,0.772335441003252
"451",0.556758982991657,0.601349441145011,0.803329803094248,0.000121421872004762,0.271542799827916,0.000186372047881823,0.172842068545346,0.73292414140427
"452",0.864442959088525,0.889842513727143,0.844281061805913,0.127516259060759,0.135847905179577,0.127580510042773,0.146046647906669,0.686928902009202
"453",0.639793225041376,0.688474077214999,0.684388098871508,0.283727593847254,0.567372467884366,0.282794360036953,0.512630698101087,0.515697547579741
"454",0.796541910075048,0.865016905144843,0.796037485919471,0.0457368382965244,0.0615857631243445,0.0461271081076755,0.117444618590501,0.731013338583533
"455",0.535643729797778,0.841370024802104,0.497652310797418,0.0041778770941065,0.194957439667959,0.00410833784125576,0.191032946562452,0.923476809536584
"456",0.979065083884299,0.974464203473618,0.722972999941134,0.0261895694929722,0.0936870774507624,0.0258675987163015,0.141733849708378,0.711438363005015
"457",0.255919795437212,0.354376057134246,0.175073115357859,0.000988568960173806,0.0168075108392359,0.000989579220685021,0.0128303919494872,0.492696324376623
"458",0.0207263102854315,0.630420757983955,0.0186253425911894,8.99485017673139e-35,0.018288825572535,2.58328205210247e-34,0.00758360537391743,0.805450243056208
"459",0.723209262249144,0.745875597916387,0.667215673326996,0.297152186096047,0.33935751602186,0.295520077237701,0.377241334989941,0.492004723720616
"460",0.458461704509154,0.912211631149873,0.401872887874244,3.59016805614673e-10,0.0264621932726706,3.20972956169786e-10,0.00795210902510748,0.944968488679177
"461",0.398266570558452,0.726582089410637,0.344065044106991,0.0228040786155512,0.208492664699633,0.0228552788921965,0.266010355875134,0.815484195436951
"462",0.261583245460332,0.671255707976862,0.199809123272704,0.0634830508803463,0.0925501098017037,0.0629327185045119,0.106268262802468,0.862293719345842
"463",0.132809186307336,0.188393555920388,0.0710880543221947,0.000126282252164447,0.0504789619620147,0.000134703002509856,0.0291939384674116,0.643081073080832
"464",0.450543215697751,0.998885346623097,0.472086100843448,2.63876838265615e-17,0.0275428893765558,2.9468221359497e-17,0.0180013619635319,0.47639293393317
"465",0.00446015475868652,0.00965081595282156,0.0184634612841252,0.114449770880991,0.117072591512547,0.119198106724978,0.0403819383830397,0.899506150011338
"466",0.715073764791761,0.987518302076253,0.512819236369586,8.73421224590709e-17,0.0239752759861371,7.76836156149765e-17,0.0212495064108502,0.619565775407075
"467",0.222221168955061,0.281139882160281,0.250021604374737,0.80653184343668,0.79329350512794,0.806232215602185,0.862278321960417,0.775714944560483
"468",0.417748216567154,0.578108236905996,0.570935807154466,0.00225933457371923,0.0336233199292196,0.00241735799673282,0.0371406719679118,0.902547167122544
"469",0.0120163156945483,0.0408914923331581,0.00478696315494488,2.25211221330051e-10,0.000484290820785495,3.30065423717469e-10,0.000535145149032138,0.356821022881775
"470",0.501100019212636,0.56622106490858,0.470972740855818,0.015762245983965,0.0634562241158135,0.0156690915366148,0.0508121576964976,0.316567645097319
"471",0.404730948906805,0.607719989255058,0.306479034464589,0.000803885298231174,0.0486350200928311,0.000779689135593848,0.0284429468682883,0.880846454000809
"472",0.697281134484353,0.797064458603634,0.722284418418233,0.0478659640554642,0.189322466031557,0.0480663569385715,0.222602825954115,0.342271066124168
"473",0.474585527335574,0.546704256580417,0.415800046141337,0.0162317015002254,0.0499361500772079,0.0167424590890173,0.0393204462741119,0.798211770369421
"474",0.570498096507584,0.6477961215882,0.631059891196351,0.385087506768041,0.31106040404844,0.386773092931249,0.563508450245537,0.971250196616602
"475",0.122802036276349,0.311551127612619,0.075330571825258,0.517185052736458,0.610534836396989,0.514487903003083,0.667367148093179,0.602381125325017
"476",0.867336481067172,0.884273912738607,0.852094353475958,0.134634276973544,0.134481289986356,0.134790368563293,0.147196830324244,0.718106106363767
"477",0.450780015208112,0.633471874488826,0.342084438670521,0.0549870348319935,0.398322056101011,0.0534027368564636,0.317134348539582,0.75763084863814
"478",0.839296436902139,0.983244651107988,0.857472598365198,5.78642322184765e-06,0.0552649212030484,5.22687251770427e-06,0.0319256370748302,0.793599837069794
"479",0.358912825691096,0.49060925573191,0.348351640912913,0.315878123098231,0.425881970982685,0.315164888376764,0.393128377828286,0.580692436402277
"480",0.657889406962748,0.800608874617544,0.556967668158067,0.0127525738938007,0.0663066619904967,0.0122860103089974,0.0463322744600046,0.32145286199626
"481",0.140837953965705,0.335888686790926,0.161207865754576,6.81182608097782e-06,0.00684128848658002,7.48626580025188e-06,0.0212124377361483,0.851143595853344
"482",0.296584743602221,0.366863762159411,0.224463218754791,0.681225339564089,0.667769969862591,0.680964715938589,0.690075899594512,0.961237943652765
"483",0.523368145831341,0.577889598884361,0.668040377346622,0.360005424843595,0.38768240450555,0.359671620719869,0.446323201341583,0.407826358863315
"484",0.491674720014404,0.59646363988165,0.455015565093662,0.240314941935169,0.532919235033917,0.240357162016595,0.382638230420254,0.840255541303239
"485",0.424704800763708,0.658896400031789,0.432909028626487,0.0669052419219456,0.190142221670682,0.0660118903960065,0.285928295198506,0.953730863837674
"486",0.0426608851771119,0.103045381794337,0.0797735213603221,0.47854826105609,0.783854182655715,0.478509832181041,0.71067336529294,0.666656882767801
"487",0.937974087105409,0.961096400229804,0.826486584403095,0.040143100249043,0.094332637008556,0.0403312753086873,0.109211235811107,0.94810387571879
"488",0.233520385533377,0.338104238009796,0.185453665042918,0.580830638390473,0.741955005492142,0.579782785032028,0.667666655439893,0.902454167870199
"489",0.988936353253699,0.974384659640461,0.884827039682721,0.0713163699775047,0.385090816957223,0.0745614942275489,0.43258145111426,0.752710976727949
"490",0.684350672446029,0.729750973352337,0.519271837712008,0.171007919123051,0.317051449869753,0.170761441563793,0.271114952148992,0.895506287772979
"491",0.0221952109218045,0.238229381225022,0.0167765066936201,0.607377622995793,0.598479907555174,0.608181820046406,0.756456767993239,0.94424313702688
"492",0.433885184425171,0.485946109852764,0.3471196920571,0.00827133725792475,0.0665477785954471,0.00830039931335611,0.072543585599406,0.957908865945707
"493",0.856629390127641,0.887457127544137,0.668557577568733,0.0244196435587978,0.0411640034366678,0.0241473234551508,0.0445487877898415,0.96753984853829
"494",0.0531452414792545,0.0901458364198153,0.0618925079813289,0.593148897164843,0.593417710785977,0.593989082524285,0.589220352182837,0.710501926368437
"495",0.0475959500547737,0.68969099156937,0.0571284500034507,8.21795463480976e-25,0.0170528879063059,1.02804289742743e-24,0.00993504483885098,0.575508863788666
"496",0.655172652200869,0.708839740714829,0.553171784341902,0.252768630132527,0.251201604733211,0.251046057803825,0.152153516087067,0.725844424807005
"497",0.109822049115446,0.158993591019141,0.142260922784104,0.00120944551319417,0.00327077152880274,0.00136066318727946,0.00291306992951124,0.891273738903359
"498",0.738848889281141,0.796363007279671,0.591959239878009,0.0189678794558253,0.0952963950263973,0.0187667020791924,0.108437972094591,0.650487822726069
"499",0.948254539069249,0.976907574539708,0.955025625594369,0.0393723599913322,0.202212552695604,0.0385096906334228,0.142786854310604,0.841863827871558
"500",0.0500204480193597,0.198389847958772,0.0608798915265181,0.840948201110469,0.76560444016169,0.840494121980694,0.893098796650294,0.813440686731759
"501",0.707613933467214,0.977841487585586,0.701750813401896,6.46859530713486e-06,0.0475617391512446,6.48970304377315e-06,0.0356084377795384,0.772701412371354
"502",0.175098283137032,0.479047501010277,0.238270590237707,3.33078545927667e-14,0.0340263739006238,1.80423621956713e-13,0.0126913080975306,0.53817401680022
"503",0.626288410769141,0.735522319712199,0.693732023458384,0.120524254874669,0.382964489484082,0.121336281223903,0.364732416381783,0.908127396322324
"504",0.120470701731104,0.218251067623915,0.108605450347095,0.938766791471332,0.92399924709249,0.938808843030831,0.952794473428142,0.791728831192472
"505",0.44647284729,0.583218338411305,0.320531703902512,0.00159172042647321,0.059197136664775,0.00158151275818519,0.100311566233324,0.402249543846682
"506",0.0221764847905509,0.0471551342043913,0.0479730872997173,0.377460187728551,0.39470962393037,0.379258041909732,0.380483355155888,0.953596069504969
"507",0.0125910397759338,0.939578057241714,0.0148891369523617,8.44772332449539e-09,0.0908545131474634,9.63173489146222e-09,0.0507861286155277,0.736060310166316
"508",0.337947637595356,0.41033360744917,0.414074833402258,0.00934333597001434,0.0213013413509379,0.00948731598188604,0.024175015796714,0.948025899473879
"509",0.151739776137637,0.255384835895547,0.159819087319931,0.000799670140102228,0.00536482802398347,0.000819986317672657,0.00620644027076291,0.942023278052382
"510",0.946172853209817,0.946215148159115,0.936588645341442,0.0467599805526786,0.156134198887778,0.0472314166331516,0.17001743976902,0.822660141963718
"511",0.0440351597368294,0.682074412690674,0.0424854371447493,8.44977094190151e-25,0.012226217383645,9.70306096593114e-25,0.00302964984376608,0.942722310394163
"512",0.639467775538821,0.864232584306738,0.657306720393654,1.46594455405032e-06,0.0536789308743792,1.39922689606886e-06,0.0633256256765047,0.919765230823616
"513",0.938700980999215,0.945913129278577,0.921035503951374,0.0831196158875064,0.110749783716682,0.0836488464983337,0.148927199063267,0.857149075600012
"514",0.660196410823178,0.699363814158611,0.818853694327248,0.253445200494299,0.473379758156276,0.252311521542457,0.45524019933459,0.926503537697985
"515",0.0330019631992182,0.063397563155579,0.0319373355236471,0.39075443791605,0.578877504898903,0.391441654915864,0.465742349209886,0.760018239608589
"516",0.100375354248408,0.577101190377282,0.0919335724437556,0.0143157745609298,0.251009216825383,0.0134449681308325,0.205974472394967,0.79740200752228
"517",0.991530230012991,0.984653962434156,0.971876663351657,0.0122043097681492,0.0954220271118151,0.0123801821521066,0.0746483741368661,0.62156160394712
"518",0.144791328692295,0.168447488224563,0.145884179189708,7.31398101639314e-09,0.539053635757633,5.9338764709579e-09,0.408978532267031,0.953048108014763
"519",0.0864684335467399,0.118933559635394,0.0494188350780108,0.603371476541965,0.861339812106688,0.604259980146375,0.728043309124328,0.926883303523276
"520",0.303460588060231,0.342665794141426,0.279065675882561,0.750165631166817,0.842708297733424,0.752010343559548,0.869873464437397,0.226735577925692
"521",0.814134743874337,0.876813509998476,0.651917912012379,0.0691092106724974,0.0891582221396743,0.068026586743802,0.0918566119094973,0.287968633583005
"522",0.0056373311080631,0.0820994815074384,0.00681156101647919,0.733556497535957,0.887081560915823,0.733064218476745,0.790315195347905,0.895739375277783
"523",0.269322232285562,0.357893551182105,0.21457569728318,0.565969868352794,0.75969485137522,0.565155971892456,0.724983998156631,0.761921041498201
"524",0.696264192711133,0.704889698291556,0.679789723392368,0.256612949327003,0.26982762455389,0.254939763646477,0.343172289306992,0.957174680511639
"525",0.852372454901592,0.857336449995644,0.616306987004391,0.0348178586845454,0.116290700996056,0.0347894565679223,0.209352652178256,0.685073082880853
"526",0.295016818465934,0.482919679958496,0.333421194297301,0.162662636886209,0.581839030621711,0.163218957635056,0.417053558246348,0.610768359484707
"527",0.946810144379483,0.999969285542662,0.898023797418536,5.59730928091887e-22,0.0180748479731803,3.68981353585468e-22,0.0084475165773818,0.447763155855282
"528",0.193301888750444,0.914899198283924,0.127825155592455,4.9117290190809e-07,0.215815551345911,6.08074470596628e-07,0.27972662889722,0.933688301678138
"529",0.0540528207324869,0.38716682451569,0.0432109398658112,0.106563756767304,0.637511961183187,0.114455044304664,0.675361351562356,0.927128412206446
"530",0.229037049796826,0.557697202269866,0.25711457216219,1.61826127610658e-06,0.00142547538249915,1.43635526911461e-06,0.00141351586376673,0.74659676907019
"531",0.70622018447241,0.762449077749644,0.792015624852378,0.173525151343021,0.174287747558916,0.175321820295806,0.124053350070839,0.835931458136739
"532",0.942421310482113,0.971007731168366,0.978333570478922,0.0067285463126618,0.106161593229671,0.00647571411048522,0.0815775618947131,0.513415769745843
"533",0.993932715296591,0.99390680219328,0.828673861269811,0.0705344880019242,0.0697631275852628,0.069979654676939,0.076674605259472,0.851894790508182
"534",0.289194749996817,0.563278522951771,0.245875337818924,7.24938590581774e-05,0.0108309674601064,7.2520157242227e-05,0.0067075056706341,0.595595673569783
"535",0.264470517639373,0.356717159167907,0.491681836090227,0.00368720797107798,0.0422547405726108,0.00399516794003904,0.0329472509658238,0.927399854419831
"536",0.287224774287362,0.483768944937939,0.434565351645889,0.182655874742108,0.193336500147374,0.183935989405682,0.191492607013512,0.767251572096737
"537",0.00990189019191019,0.229861192506826,0.00769785674471686,0.401500635931301,0.709237101241698,0.400261080480812,0.704679491976111,0.684286329279921
"538",0.591577098734057,0.742888980649271,0.540104273950308,0.067980761811559,0.229111796749877,0.0666779474184451,0.262720325029498,0.82908233420537
"539",0.112443173278629,0.182471064081576,0.0861533466083799,0.748219517504342,0.936362674524271,0.750378443901525,0.859373018057938,0.776004146710307
"540",0.481238629385593,0.75500810237145,0.508559840538081,0.000106401661865208,0.057750929459412,0.000102598473089989,0.035441706134976,0.877883278765295
"541",0.814196051882371,0.873249130681138,0.777229205104025,0.0294256877591458,0.0287610153173122,0.0294334693944075,0.0289944312401104,0.877037373609141
"542",0.277699911908612,0.508938353358593,0.225452634356172,8.00483844591508e-05,0.0471650690196358,8.01740845169746e-05,0.0395623335005408,0.941991744877076
"543",0.788201160963338,0.906240898287242,0.621486709902055,0.00608665891209513,0.0301886640241882,0.00592891932109534,0.0269442287656614,0.406546942741613
"544",0.397108869494448,0.475929311287759,0.343584789410266,0.0117239650289312,0.0284013444159917,0.0117160262710934,0.0477121726234316,0.826799104531672
"545",0.252317694179473,0.352797833420886,0.135344983862979,0.0027740952072986,0.0105855749161797,0.00289205013347114,0.0108902304185927,0.692167296126186
"546",0.505249608609786,0.595626517685117,0.369720914366772,0.00811770145561347,0.0175957766376071,0.00803296753616328,0.017382563041695,0.881361365029531
"547",0.122543438278836,0.186391435396827,0.253079669667512,0.567273878438716,0.976273482454743,0.570783012172851,0.773978733718643,0.779472614046447
"548",0.35012682346762,0.56814304471655,0.322007149926818,3.05406758953362e-06,0.0912967022710732,3.79310716483239e-06,0.0486717502307344,0.417252397965895
"549",0.589283390917639,0.667772905618821,0.462186033560284,0.0112258076335285,0.0176219034289508,0.0111925645514317,0.0185588570898405,0.874949470663904
"550",0.631060973274213,0.914549499364422,0.676501855531961,6.01883927571042e-05,0.0825069913111423,6.02083939359349e-05,0.0444944492964486,0.873776396973753
"551",0.0177372074029774,0.0388698155850725,0.0137574131965658,3.94827445636688e-06,0.00076027397971186,5.46376002609541e-06,0.000618569281108597,0.643941747331889
"552",0.653979641281786,0.851237771592353,0.586444586873648,0.0147586203042587,0.0516180442144364,0.0149076546106634,0.052602481560205,0.47509683482957
"553",0.110051855638619,0.68370368357453,0.107987476598816,0.0004970289803558,0.157524440333906,0.000480239647764425,0.230603841167374,0.92228323359236
"554",0.626384920893165,0.766029703652554,0.792457825664501,0.0465681363407738,0.25601807340192,0.0455843795882639,0.1916465999317,0.694564173006736
"555",0.6004778907489,0.668802110536239,0.53025808493485,0.0124061616646826,0.0543131754155732,0.0123869772398377,0.0457318105824355,0.706591532741862
"556",0.00986594722202035,0.442575947160184,0.00866531664102757,7.79352522403374e-40,0.0113363913355246,2.48973028096866e-39,0.00436082143896218,0.605941787572728
"557",0.165057757975386,0.221715955265065,0.21296013019321,0.960583894129824,0.9504608701417,0.960499993657856,0.968450129765958,0.575608951463848
"558",0.825653384538244,0.863954910697987,0.875152475246623,0.0530344375791458,0.104665144175384,0.0526086588612966,0.133682169102036,0.800303729554059
"559",0.164401766429927,0.286457860201107,0.320721401752067,0.639694681794446,0.792288747710808,0.63867703055816,0.722717156694673,0.385733449705796
"560",0.321972936455235,0.613300541049209,0.317721965761451,0.0823192254534225,0.19908900064959,0.0816164999668968,0.169047476601223,0.327809912232586
"561",0.180000162756892,0.341333258179176,0.163345903407191,0.423243115544889,0.42531169342626,0.425020719321822,0.424596500740683,0.885257199817732
"562",0.779310176415176,0.815192554003667,0.623742867683885,0.047568316370718,0.145663179833979,0.0474901215089443,0.174451960679626,0.786093254064008
"563",0.389965016907958,0.503974937510167,0.312080225981723,0.301641746102287,0.517460463505147,0.301479390709861,0.416954947756396,0.994916170094336
"564",0.766146982809096,0.921484029017277,0.70557227381519,0.00214384398739207,0.00577424732250271,0.00211791468234908,0.0111450879036723,0.936207838902255
"565",0.445033986172491,0.798981633301443,0.388220651526706,0.00298944547966263,0.195729124489383,0.00290549572036678,0.181410842444436,0.704733886926282
"566",0.777213569859624,0.799046068221968,0.5842342844318,0.0276330151016736,0.350276578983035,0.0281079382536145,0.305301452308492,0.412318584198045
"567",0.298806266317443,0.695565970293109,0.265300375582093,0.0124089187256868,0.34803089926226,0.0122705549141255,0.278585622281349,0.768996878082267
"568",0.0806499420473901,0.612532594656059,0.07879029276044,1.5861175204782e-15,0.0059775568398972,1.46119648221591e-15,0.00498329520162416,0.939876093792781
"569",0.820841007329703,0.887924279767133,0.742756188239674,0.0263234951801628,0.102700506600459,0.0258573198611149,0.213224545171597,0.976059637611292
"570",0.924090489817656,0.965047171208077,0.854246542435969,0.00205748693994137,0.0950398403380586,0.00192055209277139,0.0896618864997917,0.511364727761643
"571",0.250727184074223,0.359644196800374,0.501027857658455,0.000531796656789589,0.00228289434765267,0.000538376375740126,0.00314310369381714,0.771156700123159
"572",0.228771541193468,0.388927967242444,0.202405767478073,0.254616930427816,0.734799060239283,0.253388395229125,0.594581876703427,0.912065355225692
"573",0.9223918819819,0.963610410440959,0.964232056914997,3.27366210647343e-05,0.0566308449955927,3.02359826478035e-05,0.04885870421068,0.892929060692468
"574",0.954628112278165,0.9178507478299,0.870022062250085,0.100749661756541,0.180512922918682,0.0990895231526202,0.258020957380404,0.69517150227045
"575",0.558384690264998,0.87688041071577,0.573951074082471,0.00232535414397841,0.0106868783498313,0.00220880509491925,0.00994759271848207,0.726598479025944
"576",0.100868226743072,0.15543078598428,0.144214753135787,0.88718068018048,0.851687831491248,0.887136998637632,0.89275959552136,0.521748123569048
"577",0.363163972319477,0.460105598637863,0.313270709919525,0.433093303924872,0.562008865989821,0.433563843268512,0.592525277126635,0.550722652392655
"578",0.0573305963502486,0.140653028725841,0.0425646716630081,0.981397411195702,0.94168463331759,0.981429912183176,0.984592735066026,0.540175521868186
"579",0.360902984799602,0.657960648017847,0.301540696608128,0.061396154846611,0.0876125168100363,0.0595992483007812,0.0818672342025763,0.995347628521907
"580",0.0296661792655065,0.076055825211362,0.0276315765469903,2.1293884959303e-06,0.000262538688086211,2.32509607669879e-06,0.000246458181226862,0.772821121298449
"581",0.077419188683127,0.277309435509371,0.0674554009916227,0.496906847188135,0.501382654890161,0.498570970655287,0.551146512321476,0.80856936773092
"582",0.708445583064849,0.918370336333603,0.727740828307014,0.000482501790964069,0.0475227218713754,0.000457892065908846,0.0445971105563337,0.631634116873235
"583",0.306439951905884,0.445418324063445,0.384984729957764,0.349292693624831,0.465853786243256,0.349117682065601,0.451024461056419,0.979947692052844
"584",0.970889948304249,0.967522438332475,0.884534425252491,0.0205745799315995,0.226131654469933,0.020630158307406,0.151990707067357,0.864687282142692
"585",0.883841011947969,0.946627649823616,0.987147573419522,6.12593517429094e-05,0.0450894986868435,6.07893851345252e-05,0.0296578706189826,0.740085473572358
"586",0.140846772638442,0.191573835251838,0.237661345872923,0.963269258210333,0.963356710953796,0.96343267658315,0.961765925578615,0.909692798476046
"587",0.12515693051735,0.988421472592425,0.109908894602181,7.36458481621669e-16,0.0225232668968012,4.83647368012108e-16,0.02696535925774,0.662679134399435
"588",0.602782720051597,0.815458970128065,0.448532588418714,0.00337028097285118,0.175764266608306,0.00326402685577684,0.127830933160888,0.414026566411402
"589",0.81412794224528,0.852562521587384,0.684609422793359,0.0469135362032858,0.0810211180560428,0.0468951371729365,0.0899309684295663,0.773834884902671
"590",0.793126787469872,0.868954059928467,0.928484801376492,0.0372655677183056,0.152995166816488,0.0371151537735861,0.213903837694589,0.754589473212875
"591",0.469338538130248,0.616346112557925,0.377251194873949,0.160964926342547,0.390416833349532,0.161369394010353,0.285140582320071,0.684216925367761
"592",0.978763095838705,0.97821118537,0.759400646550445,0.0441191059716491,0.0435535049439356,0.0436793274854249,0.0435279759484003,0.741439535854296
"593",0.477106150415176,0.831338327713468,0.475144584148592,0.0241754010303071,0.135596395052755,0.0241787413517774,0.206632970328861,0.646818064004033
"594",0.815940305534346,0.935169959537632,0.73437104711208,1.68706587746437e-05,0.120969353277628,1.77231020479369e-05,0.0695697193527329,0.646192495185962
"595",0.691696324324292,0.782858455464199,0.572671743083509,0.0449298730866499,0.184968330688308,0.0444317542975959,0.132774277002269,0.822827392624464
"596",0.784498191607018,0.831932994201632,0.96182289535919,0.0987134026914538,0.117758359706816,0.100223860341114,0.129688071015772,0.840956222899326
"597",0.974947411539471,0.987844141437586,0.882129331808431,0.0525225694236378,0.147496325253152,0.051400304515083,0.125515440602912,0.685685007780462
"598",0.709636493770404,0.98471196663675,0.688048464132586,1.82450734348552e-07,0.0138794045616805,1.41605031059667e-07,0.0104372944726048,0.882466832517001
"599",0.300288678885348,0.578783422724936,0.269715344462112,2.83478044886136e-06,0.0236358009134518,2.59119820394682e-06,0.0323363397373364,0.733416264516644
"600",0.511385876178916,0.586955907773165,0.342323132275119,0.00395487396624229,0.0107348836467309,0.00384920461079938,0.0115721232372514,0.738883933734291
"601",0.4828112376457,0.54557784968994,0.726692894637027,0.325273321811414,0.487168098223704,0.324427827156117,0.547638608275105,0.418659019372542
"602",0.407125182037401,0.601701428639665,0.392853086091194,0.00152253935562323,0.00262694265396582,0.00167248219396153,0.00363789519739532,0.739502524706875
"603",0.757986580148716,0.820309014220391,0.6581613313789,0.0130353873556916,0.093612143529176,0.0133440297135499,0.103300486946573,0.681596837354266
"604",0.388793223620899,0.486176211009429,0.222604143539447,0.00968951610684543,0.0522311088725388,0.0100411136264449,0.0471901599117151,0.427724747299473
"605",0.883145546520852,0.931801964465598,0.84163949025225,0.0280226109517327,0.190285637377896,0.0281268548517991,0.137351449836557,0.401874074565227
"606",0.381705299340499,0.539118569507968,0.322615479281761,0.149015658731702,0.509847478047375,0.148353435660976,0.400173104129892,0.781112330614923
"607",0.104515484477818,0.918942093584948,0.0605567064984289,7.79750397071065e-38,0.0114596436363336,1.66914551415106e-37,0.00410340160592792,0.59681470279759
"608",0.496230398751044,0.608653554429688,0.550539208510351,0.208235936458032,0.412404412734804,0.208103419869711,0.325416641365852,0.907302767630218
"609",0.776358644149225,0.848421681188667,0.901465105130556,0.00219328363744178,0.0388666634563736,0.00215978537766788,0.0249163330798165,0.538079998772153
"610",0.0249662544396092,0.326184069480654,0.0196603638043944,0.313904664377815,0.579191548258184,0.313027176826012,0.685641322379041,0.856631815561419
"611",0.939731976443667,0.940139579571202,0.966822261334218,0.0648909746899266,0.0647869284444131,0.0649821735205901,0.0406079588141354,0.73418682245544
"612",0.978988661442056,0.963345127679747,0.926170820773156,0.0189164174161256,0.284873977262754,0.0184120764952813,0.141161223130752,0.518520499244236
"613",0.132895700170955,0.324591830711893,0.137925292296331,2.40909794090286e-05,0.0131062682239617,2.42576172455866e-05,0.00759649672288686,0.418594442445152
"614",0.228131812388261,0.311259694394184,0.182116163529029,0.708719211613702,0.714607681439734,0.707957450853833,0.70082239758023,0.724155652906377
"615",0.982672416028218,0.993111609794852,0.923483418947473,0.0181980784100606,0.139588268252448,0.0188379004076485,0.141102004437197,0.967326060762435
"616",0.867869961941346,0.896688735873024,0.782390451539011,0.0925136310556777,0.140864152253568,0.0925228749301334,0.167125932279564,0.782283595467818
"617",0.0342864273445246,0.146401397861767,0.0179351141663747,0.918908126891759,0.900719634834587,0.918878891214603,0.941688097990362,0.691747810063289
"618",0.324335451396845,0.449687349179981,0.292418228350278,0.000124539955623756,0.0583237467770468,0.000134746295823276,0.126619907680604,0.991592045211382
"619",0.387051176939285,0.640562754018093,0.362439050546656,5.18229016110328e-05,0.0311270701851889,5.11524243540048e-05,0.0196335348343869,0.989677649242543
"620",0.297135707619804,0.37894551340889,0.197324196958679,0.65211849906246,0.795502418506319,0.652325878348246,0.756617873310331,0.489205135991832
"621",0.611809649973991,0.832383062290515,0.544815372701125,9.6418316081844e-06,0.276195184937603,1.05708658305364e-05,0.199328715833304,0.933543408097784
"622",0.440485165065736,0.743846889232337,0.526602821988575,7.79507477466209e-06,0.0639910204750658,9.09875899285347e-06,0.0285459660933467,0.58197601900236
"623",0.657684996049763,0.868077110924331,0.624859229379737,0.000362163811837621,0.0127763080077682,0.000334339557774043,0.0123157578222591,0.89950222377738
"624",0.251833027134843,0.999013933485664,0.189209864551652,5.72979693394723e-33,0.0132904896692227,4.68435165245756e-33,0.00580327386040342,0.708043603733727
"625",0.999139952207436,0.998928441744577,0.944909215113843,3.23498951945209e-06,0.138404160946758,4.23951822612025e-06,0.119836851581863,0.676583878298031
"626",0.154208960650347,0.398005279925186,0.0979572603327398,1.23584709870254e-05,0.00877246035165452,1.30363284858126e-05,0.0108905450783792,0.765201336952382
"627",0.719433672732048,0.819632989219003,0.705071232038646,8.91630764747432e-08,0.200661629205345,1.30418922031972e-07,0.113534149704542,0.905558852008076
"628",0.629170796121914,0.8545228734662,0.501322116253325,4.96425730228308e-08,0.0918913569835824,5.22131496014367e-08,0.0495656317508304,0.570989156004703
"629",0.753240025410123,0.866363159869036,0.868363339551551,0.0841894367310736,0.128100812133124,0.0848388739054359,0.253473967091576,0.692339402315255
"630",0.00766942692196548,0.0359316331736355,0.00425784995186048,0.231652495808108,0.431865138986795,0.234242077028404,0.375819766386918,0.802975004315646
"631",0.0584212553182282,0.0906879072598406,0.0215595860048342,0.861878909748342,0.861280131770424,0.861661275262265,0.859175363838266,0.541884729372833
"632",0.0476376644872819,0.102120467208536,0.0637345964738045,0.6981834503926,0.740471903384099,0.699215520324507,0.723030290166784,0.978401532986614
"633",0.0155555823481446,0.040887848195563,0.0255772967746576,0.307645348957466,0.468745856810921,0.309192052263812,0.393654657135421,0.923980008875395
"634",0.654594580753258,0.969402813873502,0.878075859793929,9.46651247266782e-23,0.00626599838236255,6.39770577963275e-23,0.0108069983715789,0.60690332360889
"635",0.394908326716161,0.667969780630317,0.309929571749005,5.07764119987569e-05,0.0739492780313641,5.28251085755692e-05,0.0422002071668926,0.823497260024879
"636",0.0221499849367057,0.05082650235764,0.0228405840428778,0.476836374049639,0.500519938032929,0.476377120381453,0.567904083436227,0.817612037083723
"637",0.604383461175321,0.690674164431668,0.595501654280912,0.0359829246036589,0.0810759633921672,0.0362218265081702,0.0988505694319795,0.645257775218748
"638",0.0228998511212147,0.0424388408477931,0.0438457204060462,0.218802154861321,0.221370945286748,0.220339498620603,0.187178683680287,0.774389659381187
"639",0.523475386778541,0.568141551598601,0.799197843106951,0.00124139650451366,0.188195752557209,0.00127961401193416,0.139757177859708,0.784469090807988
"640",0.302640908753076,0.362196221526414,0.465559474177399,0.518115837744456,0.961705388918965,0.517430674826897,0.702223490738971,0.722487558161518
"641",0.989522625561957,0.991336087628544,0.838253928722103,0.00236772863341138,0.354763871843006,0.00315782102277942,0.380844410775474,0.865889765762498
"642",0.899857474188286,0.962056755394782,0.796898428856101,5.99804291627663e-06,0.058935227287067,5.79933940611152e-06,0.0929614124309269,0.621563779929345
"643",0.517885787148566,0.751165847409352,0.44170135860834,0.000852686386063083,0.0027439433860254,0.000870604946246808,0.00239872530980634,0.760564539671943
"644",0.488245069026041,0.587458823228634,0.32798244621738,0.224260848599501,0.324174520133822,0.224969392577273,0.363967697537232,0.569526920765312
"645",0.191639991902119,0.316694914217926,0.173688945646472,0.581314680338426,0.574555191501327,0.581622546414686,0.605543174273795,0.978514784460871
"646",0.196107982148554,0.367099807953267,0.176059324807614,0.337738218128893,0.360736290722647,0.336751799696659,0.356866435362156,0.883892001313121
"647",0.798133671225494,0.94902014633242,0.740057628567123,3.26375153568716e-07,0.0872325581065602,3.13497540125016e-07,0.0353205232769351,0.852702585668433
"648",0.296162672725615,0.398366096256465,0.405203507185501,0.523898054925833,0.522214263819839,0.522644018389232,0.418611214694356,0.667865138555507
"649",0.952402339544953,0.960923367602557,0.878439579510129,0.0936938162288388,0.224700835797584,0.093603240297089,0.202827321047401,0.3115135745734
"650",0.337275816235899,0.416462250413376,0.364780687252587,0.00384816336912123,0.0250651196427496,0.00390251747671292,0.0250740245890416,0.898845059850463
"651",0.193577144036099,0.419820936145504,0.134489150503585,0.370355258058137,0.41755043752453,0.371364703119453,0.404215291565094,0.477112464036859
"652",0.264163274405943,0.353711895625761,0.466898765746224,0.685454194424152,0.6853163788344,0.68556271147205,0.632134606592788,0.457782405511391
"653",0.85244691435119,0.884575923486053,0.837171060386345,0.0723145228704631,0.225828324447089,0.0715034486589291,0.213385357025608,0.321059110059696
"654",0.376167383534203,0.519958742889259,0.517855135646137,0.322432482422184,0.330189279228165,0.323366523724084,0.512238026555798,0.749205130357987
"655",0.287591290102717,0.567988429228633,0.256747472191867,2.92177008488614e-05,0.0486848832382213,3.18900384166474e-05,0.0218878249591545,0.780934245212788
"656",0.391100936927267,0.531038981926639,0.472267529208729,0.00195217611521633,0.0759609870453737,0.00193776547082759,0.0600639990884631,0.872625948433282
"657",0.741276128728802,0.856127210950121,0.604354752276637,0.0463070395829957,0.0894373723422883,0.046078092912037,0.087789176318526,0.783606284196528
"658",0.573982504753896,0.692903413559542,0.830376503064223,0.00336922077796727,0.105804054372512,0.00343147325749036,0.0774103698490793,0.961741502871513
"659",0.101635558262989,0.218107931138383,0.0605631291438238,0.714025642748279,0.713373103977693,0.713442527717887,0.690747790680083,0.601356054921198
"660",0.494989475356005,0.635252425103485,0.568737496977835,0.0603549912875259,0.324147198972966,0.0598219793843164,0.278140218442485,0.947364678355848
"661",0.553964599357158,0.772200978603689,0.498199505787539,0.00136490929780421,0.36160342284316,0.00126177320438534,0.209169215951142,0.803703430338452
"662",0.0247576463652554,0.0493321158700911,0.0373186812709021,0.194213604925756,0.318416218865145,0.195039897995209,0.295758252191243,0.571662068469327
"663",0.836137256082576,0.865301777055679,0.799682178095215,0.0261770771121549,0.1763070803457,0.0263167512317349,0.141895764672278,0.42705056430715
"664",0.66475156904538,0.796695501932538,0.839007810339497,0.081564897694143,0.14685587738067,0.0809541763299865,0.25701363678235,0.567687198818199
"665",0.37306872527428,0.558540014065437,0.307496487048,0.214527305241564,0.293883722697149,0.213246739682973,0.27938712628983,0.646467959751163
"666",0.402746756672497,0.478606895446943,0.459830101729927,0.0106057426878259,0.010553383480465,0.0106282518582022,0.00682447948781482,0.683709101631247
"667",0.0753635692640418,0.160083927473235,0.0653520706484346,0.994820070589451,0.918596991854019,0.994808787796748,0.99644212054924,0.768413668550998
"668",0.695953092570696,0.89781662011884,0.792218699490563,3.18864410272338e-09,0.120724682404372,4.60783144404846e-09,0.0711125023147743,0.674762131458516
"669",0.744655212775762,0.788468159201008,0.703062672372403,0.153954821580114,0.249543485150797,0.153985818541408,0.225011258000249,0.707280555345475
"670",0.260719581800495,0.417503857386748,0.304735504430392,2.03385546547502e-06,0.0710593999925928,2.14440667726783e-06,0.0346920111047771,0.66142261165276
"671",0.171477193852325,0.222592858864548,0.108815136081588,0.000125357405156208,0.0871497219950469,0.00014401391205048,0.0439853813496843,0.506552818950487
"672",0.360465706574034,0.518115894723067,0.303547238315897,0.00230827550972997,0.02224955876647,0.00228754830871263,0.0219655310335226,0.858670094489145
"673",0.076299257931377,0.255834849140302,0.0501435293773054,0.700210848091264,0.709336696998719,0.699634662278422,0.745707184496541,0.765898097415581
"674",0.576981945142977,0.890829823669637,0.695910230959766,2.99742798698028e-06,0.0168312438181246,2.78916549164681e-06,0.0143110962720813,0.686116121236381
"675",0.978932744294402,0.999167151883268,0.778941492205341,2.40230174282975e-11,0.0479746725600465,5.29420087467992e-11,0.0205160657672925,0.764492774187394
"676",0.0460065209441266,0.222582281713927,0.0536538130987151,0.576678648603273,0.751969178678276,0.575949256420372,0.693355494078338,0.610674114857283
"677",0.783015531285395,0.883833507165961,0.887054442303849,0.0090501004591486,0.0560296099597945,0.00871482908973673,0.0631048529734091,0.642109957365332
"678",0.906857768228475,0.950015082178005,0.919853404729892,0.0113947790127523,0.16889205859586,0.0110216606999478,0.0858318257195061,0.827650129700776
"679",0.577134880011378,0.824582709514353,0.515883990647059,1.3976514981257e-05,0.00654929774968265,1.19427404348893e-05,0.00621972194433947,0.702876585677786
"680",0.963006370644255,0.977796091787127,0.771977099463322,0.0304755312260871,0.324324551373638,0.030651181178431,0.286073860316313,0.850864281949252
"681",0.00183714051535768,0.00793797335967003,0.00679468966331978,0.0100283798108569,0.14559356627279,0.0106261975683508,0.0951605050024222,0.662057488608442
"682",0.733792515648868,0.999203224945564,0.765457341950787,3.92045969409823e-24,0.0257655892272406,9.77109286957183e-24,0.0232445164473545,0.6228980353808
"683",0.672996923307597,0.763257727351742,0.591728129047222,0.0942888793276607,0.328071717347502,0.0941730539093854,0.266437053225952,0.594360635038181
"684",0.936830820035976,0.965093011539764,0.888016677528664,0.000409445799572211,0.180843283528754,0.000421142441654369,0.119707207215911,0.996751153222952
"685",0.828008992350329,0.873297076874938,0.609366730626678,0.0225225047811056,0.0371974730246472,0.0221317948544277,0.0366210637273096,0.858512716466145
"686",0.128307178720883,0.487973523984573,0.110030641457233,9.15098363123225e-13,0.0275644548776117,1.31334506253958e-12,0.00976529803715309,0.677346618292826
"687",0.665481427161847,0.797886270247806,0.636515341938099,0.00361454757991163,0.0190148983391898,0.00354145099719697,0.0220264640839102,0.461994430892094
"688",0.0840939848973853,0.145541933287807,0.0658442876282245,0.894614515921074,0.93868005353219,0.895355050169148,0.902287625809279,0.588547056306808
"689",0.450158658519412,0.707895919652597,0.449009255299218,0.0542158696632617,0.208399815077721,0.053712998292764,0.214145448386967,0.467329787120082
"690",0.115176937124724,0.323040449278357,0.113158988739895,1.50357008257369e-06,0.00345155354021625,1.65889522784911e-06,0.00268104336449154,0.554492126259622
"691",0.704619940769289,0.77445924562518,0.989642363920646,0.0531330831687943,0.453148424831208,0.052498660243535,0.30652235857121,0.618845762607464
"692",0.586516565875479,0.71707403272891,0.622003018252673,0.076353248261708,0.1253102821722,0.0750068387528366,0.219059245699848,0.748728716427058
"693",0.499931573478521,0.830701359385451,0.590396066603582,2.47252322846983e-06,0.0268050377863729,2.44471524817444e-06,0.0218169489264266,0.348373554172823
"694",0.886641383278517,0.963195818915614,0.829528559660505,0.000123341167883688,0.0610258897567668,0.000118810011395372,0.0407979440132058,0.524972100089265
"695",0.991393591636148,0.99970652312142,0.878810522952215,2.1823828104127e-23,0.0955711509578119,5.61480008925616e-23,0.042378048564342,0.707057356922315
"696",0.372625880972906,0.473378854719851,0.249422071098607,0.455626286033469,0.478256708246601,0.453815685755858,0.554715388936458,0.5910013893571
"697",0.465157860377898,0.543741410126573,0.64310473157056,0.276232347933132,0.630013517597786,0.275782042446365,0.442474256757529,0.948594063603296
"698",0.115046350042609,0.323197635471909,0.156999922338924,9.4392156579757e-09,0.00324434919695748,1.03054193819482e-08,0.000808709827967847,0.475306312929497
"699",0.0522836062075722,0.0956397716094268,0.0535075882358038,0.637395372181671,0.660523954846076,0.637839604490817,0.733634086450442,0.586567341168405
"700",0.931924691568233,0.976768421732848,0.931526075684145,0.00899565717098874,0.0568929790819308,0.0090343185939595,0.101435560330865,0.770141159165861
"701",0.523550643915737,0.756897887941679,0.558692761572188,0.000256755275701126,0.0597741550071534,0.000285225191493448,0.0426950507804505,0.468065987905859
"702",0.368205119037671,0.401781660577443,0.471317227513451,0.958150480302106,0.761986928806984,0.95829494597605,0.983862355856205,0.878273400766533
"703",0.288151380522228,0.362555985115551,0.416779645755062,0.655007369144979,0.536469569928068,0.654303335202463,0.720706160473256,0.799140935812097
"704",0.457813471551576,0.830052062950782,0.459207360301771,0.0111569787470937,0.0852572345302766,0.0110976590186493,0.107828797884932,0.871706536179315
"705",0.404425228281255,0.503495932701518,0.41619335176567,0.382120105714953,0.376299585918456,0.382348772091196,0.40084042320374,0.656177511995144
"706",0.399251673754965,0.565572003261741,0.415169780939901,0.181285565293832,0.302108826212647,0.179205386183589,0.253502221261614,0.484901844136808
"707",0.0586861071374776,0.121489390454311,0.0416865953613314,0.84810236594004,0.847872783745278,0.84824372104472,0.846102077072615,0.902865507344808
"708",0.132905088651538,0.362571487317015,0.148390726147492,0.393688277720053,0.473736348255371,0.395659672313359,0.555378693119272,0.792199167958424
"709",0.72262916277233,0.780443055697701,0.809667106446114,0.122082201909675,0.190762325253334,0.121019594805402,0.279517216726925,0.955547026590232
"710",0.969891996331624,0.992383077809885,0.977661873911909,1.87652382947174e-05,0.0934945285145871,1.84728560341651e-05,0.0770638376169925,0.762317772343044
"711",0.283800730273293,0.437604288806478,0.290359248177346,0.4006116773821,0.66542842989119,0.401448767076026,0.58819228252443,0.979196673130404
"712",0.989572428920979,0.993235037706514,0.897456700393231,0.0161666303312186,0.143026425902444,0.0161612762703707,0.134702295811303,0.545630158078033
"713",0.136120496696864,0.412491920232107,0.085811263526157,0.131895064681543,0.616532372570216,0.130924139959647,0.48490883277594,0.659492490353447
"714",0.351381586976695,0.446491789969121,0.346624007591459,0.427640271102969,0.608330456679883,0.425613323948488,0.531948118917071,0.930335906891131
"715",0.0397309942169203,0.13082324583091,0.0339993022953612,0.993458453394727,0.958618309925369,0.993425057362395,0.99485320950812,0.947436591975061
"716",0.897606788116161,0.90993522980147,0.760955462628115,0.0486644357618362,0.181909841622176,0.0490315153955002,0.14443416451545,0.432668092886513
"717",0.735702998283148,0.839603699501181,0.887531301816576,0.0345105576997171,0.183178407364103,0.0340754582704097,0.17898104758289,0.470830896980187
"718",0.830266152357904,0.875711165656394,0.987849893633849,0.0132947732418388,0.143082030969723,0.0130775521442592,0.101552301173667,0.966936569732198
"719",0.132556262996938,0.490734193386444,0.111387439199092,0.0332949878735531,0.528319680483471,0.0331831544420094,0.42182831146857,0.664665540965382
"720",0.216099712616586,0.348277094385011,0.165418424021635,0.504728672531353,0.676766500409321,0.505687652494525,0.687280200059142,0.689900458305123
"721",0.61953890850681,0.795919759696991,0.629013164163338,0.00131132159780875,0.0446259487266153,0.00133782407250262,0.0254359526322809,0.718155329441039
"722",0.91991795888557,0.932898123163731,0.718627507041585,0.0216121922826208,0.238184582327087,0.0221520682817358,0.162381598746432,0.211963776157743
"723",0.474100730128584,0.736421853877064,0.564814464515805,5.47873536466303e-05,0.0216103625846981,5.5072006130941e-05,0.0235292495986509,0.65895689459553
"724",0.752032515259101,0.791366087972834,0.786912330169373,0.0617012501296122,0.263318350682219,0.0620006228259414,0.348685951036079,0.955567525478546
"725",0.643854760342272,0.836961467335687,0.551734710129231,1.81353061423591e-05,0.30010742953016,2.12824881357769e-05,0.185238421142152,0.998980279379302
"726",0.0339193831582686,0.973605979307408,0.0200284855079189,3.38049086551074e-10,0.0756131203884548,2.76497443807788e-10,0.0877159561161991,0.717068136240895
"727",0.307191667742102,0.761176428314705,0.256468594203877,0.000321276914590353,0.207710863546749,0.000296047180967256,0.166713440740936,0.953822569942466
"728",0.427819651374721,0.502227912624135,0.396082579670923,0.349187855539119,0.3479238720562,0.348535793544782,0.341791356271633,0.937284975420159
"729",0.790025260712248,0.827957036740383,0.889540182381048,0.0578449129007614,0.178781313011708,0.0566271325684934,0.411718523508049,0.840205512330557
"730",0.812340230001332,0.834533492593362,0.687129717704342,0.168664262074056,0.449138493025479,0.169497132311711,0.372459257659202,0.755540663584362
"731",0.93236028139765,0.955818605633863,0.869458377565888,0.0112050385237447,0.088300266768488,0.0109159821895159,0.064560929233065,0.920954876299119
"732",0.539509789785247,0.665192290867998,0.315900220136602,0.0483023713665956,0.435163679340572,0.0473436367638659,0.359413170042601,0.599236440516645
"733",0.108954749286192,0.176667890842088,0.0884674136696452,0.850290023524158,0.989514005532328,0.850933209654396,0.884602794047548,0.685230764294459
"734",0.411314045121894,0.689659839388843,0.332982156074966,0.00015997511631868,0.00356021183247646,0.000153662425245978,0.00695901510102648,0.70468768558162
"735",0.902899128585521,0.941266636372458,0.882789600666064,0.0109503311325933,0.0155700009475918,0.0109928762354737,0.0176169010214799,0.935969123451207
"736",0.470966882663578,0.611264885427522,0.552754519494618,0.00420442743259388,0.025187938178336,0.00416798589532932,0.0170616227435233,0.94054647022815
"737",0.184047241873286,0.546341983440976,0.154187582170202,0.0228700981543347,0.293501427110576,0.0219847785664968,0.24038066146666,0.840401246125452
"738",0.496931777258146,0.583833010536678,0.997830592705813,0.30481945886141,0.459439847240166,0.303889268331949,0.411221506251674,0.861298942498544
"739",0.288498378875832,0.729243997131815,0.264611190056059,1.58127954652243e-20,0.0859826158377525,5.01509623654298e-20,0.0344976191266047,0.666893329387166
"740",0.373900639338273,0.491169059730741,0.258371771232793,0.00215152307847042,0.0396705789101052,0.00220654811498391,0.024952996565154,0.64211978404554
"741",0.772867151961574,0.868959522830601,0.800313217957847,0.00983916483040773,0.208398918670907,0.00992444465995656,0.125044258988993,0.68325119969615
"742",0.00854816179770769,0.0355783788191039,0.0134136214070202,5.93681207825738e-07,8.60619465156964e-07,7.81013143089167e-07,1.7643890023304e-06,0.942328295505185
"743",0.084245088319927,0.283086334993473,0.0496646802672547,0.24626714847192,0.735885546022748,0.246467920643721,0.561169004750452,0.361702633697066
"744",0.280749951160511,0.518862678997505,0.242153471953291,0.257210958070154,0.385150606948194,0.255468497563528,0.556703603148268,0.839469172043614
"745",5.08788916597873e-05,0.00170163689097119,0.000177602384233353,6.27415300500686e-48,2.52043904710382e-06,8.46482197898982e-47,3.65255270237677e-06,0.566299739423183
"746",0.143538032092266,0.366221590462707,0.0899578116926923,0.369262601641928,0.429817608957666,0.368317949653014,0.472655796763223,0.829146868720162
"747",0.344029118050632,0.603728157373797,0.249223079404454,0.0803995465346898,0.241204096618678,0.078591048673228,0.233570971905302,0.870518609172065
"748",0.460418842045064,0.528202256378319,0.232798647637599,0.0120435511056204,0.139494727837025,0.0118857307717517,0.0928512764212204,0.907077575803277
"749",0.168649423520832,0.369550639905006,0.136123757624045,0.237951716097469,0.669390572991756,0.234499515250473,0.519660906768606,0.985914745496325
"750",0.788732453643864,0.85959466435326,0.940948992344255,0.0463432376959481,0.218841613320787,0.045786108069608,0.133872958581027,0.354112500750588
"751",0.23017492273416,0.31267567447477,0.105959185322496,0.00185176048183448,0.00188426592010665,0.00196384101376663,0.000816866893962609,0.706524964023579
"752",0.451827731852415,0.531994325615248,0.760819811847154,0.419979439590298,0.430360664446741,0.418281019500711,0.448847159559642,0.336815530115037
"753",0.0327531131017763,0.0508551705710962,0.0131213052401843,0.544254108580091,0.545266784713327,0.545225219991818,0.440617472446392,0.993933532694236
"754",0.27984188283977,0.668110503464091,0.21611253456123,0.0296494647279948,0.166333404863172,0.0293510476884854,0.104957258563833,0.348331765573675
"755",0.557730764468022,0.720015046866441,0.486275204968282,0.00350221531398044,0.011429677620553,0.00350591239004766,0.0106206542772716,0.945398893189351
"756",0.173505282229948,0.390354723234543,0.0970781482257578,0.316174464121288,0.415699459389538,0.315131070309906,0.414564771316913,0.7334441477946
"757",0.763092266838618,0.804460403260951,0.822714763750126,0.0313186366601658,0.213128551632531,0.0331172246707127,0.136165019813194,0.720572357022802
"758",0.0395918080163007,0.135880209127656,0.0455022550034492,7.17538633578756e-09,0.0108454842776207,8.80359514954089e-09,0.00369555404572449,0.690050671506146
"759",0.00280031407108444,0.00755068793149242,0.0020045428354556,0.0581209700206062,0.179812197274692,0.059937833898191,0.240032053645579,0.511793188240354
"760",0.551145572497101,0.787610223771577,0.481097912602625,0.00377890054543806,0.0434336621692253,0.00370835487175202,0.0435379560294695,0.756170261701456
"761",0.355437349118972,0.553900766575005,0.249630862597806,0.0142954712177433,0.350430698259627,0.0142990478499389,0.248375530331454,0.955112277530661
"762",0.786046224103594,0.847066529876823,0.992101893247032,0.00269221742882638,0.12134186143058,0.00269284661662325,0.116838483021755,0.885186018643555
"763",0.25766894437091,0.359436999429071,0.433995868094787,0.00179676468807611,0.00779334960997399,0.00179416697726526,0.00770352565738767,0.655064007447036
"764",0.0640848062146417,0.998789028451092,0.039947838216087,1.51956814843697e-35,0.0140024289660978,2.04126116443312e-35,0.00566310542846976,0.756616719024667
"765",0.26439529649329,0.336598248076496,0.150358783598155,0.642148702498536,0.702448691910009,0.64103963246965,0.701316605244369,0.672874574358392
"766",0.62456552947676,0.666071329973471,0.67165152180478,0.0290938935417193,0.116943500029562,0.0293356019702647,0.209964310064323,0.73012654992559
"767",0.219301297393591,0.996236693088307,0.219258063541384,1.54487797349721e-27,0.022737967179587,1.89962072845782e-27,0.0143727656955747,0.889407805470978
"768",0.106480842532636,0.16973724729704,0.114054880856441,0.938669355862569,0.951538932438172,0.938619678716066,0.955195706682001,0.742622793438267
"769",0.251610341848918,0.605392241294465,0.240860090470077,0.0365370669558583,0.338961741967386,0.0360867199342602,0.287747830148122,0.866445282559131
"770",0.145829519972271,0.595100583569508,0.121817742885757,6.49393633585061e-09,0.0280436793432538,6.60709766614229e-09,0.0137577450184683,0.886222621189668
"771",0.584135084935892,0.727410117590813,0.584177624453027,0.0745948607340479,0.270632098443769,0.0751958480267198,0.252043325524146,0.9808043661831
"772",0.46992794299159,0.574927660745191,0.519783063358042,0.00631127157728279,0.0571804414633664,0.00633856104751433,0.0397937071274795,0.952403501668123
"773",0.581398653030106,0.72260576578455,0.447741205118426,0.134526374220768,0.265844991570515,0.137963407248407,0.264526626110618,0.806908731640229
"774",0.468855388258624,0.573231667537693,0.458614802985232,0.287255422280801,0.301590480683983,0.286611345192608,0.421777040951986,0.50568761570921
"775",0.451704889574066,0.558481340881762,0.378267247850294,0.302510642990843,0.427910822325817,0.302911797214405,0.440264016522445,0.929934375974421
"776",0.944931445172258,0.987808751005156,0.910827012408118,7.21084312493673e-06,0.053685144524598,6.51010832496479e-06,0.0494201255908574,0.973180708684061
"777",0.067845611071191,0.115470092451856,0.185611208503989,0.626274591988547,0.739307379975234,0.628496546898244,0.712928256684783,0.669461044189712
"778",0.243516100508763,0.340439493139523,0.182186545206409,0.645084274704474,0.644228337048243,0.645006090773697,0.63946628183499,0.750797945428172
"779",0.999450112713036,0.996833401385398,0.717973614752186,0.0966206303293981,0.197200397177362,0.0973860116342666,0.233915105627418,0.793255436913885
"780",0.842094528426817,0.885900900260943,0.901257486864532,0.00130455464405054,0.16321715829474,0.00127803818914251,0.0899574362793616,0.959985248648265
"781",0.288882810723817,0.745027601009468,0.23615817144342,1.4196379931912e-07,0.0106960355572955,1.38206352327688e-07,0.0120176025459262,0.449671329828536
"782",0.609921740446145,0.683978587658821,0.547124571391494,0.21934712665814,0.283141690308814,0.218367886420328,0.313339395870858,0.916161279013231
"783",0.50618467230625,0.610507622830374,0.407678504549037,0.00964471198733786,0.0302035467634506,0.00972032949153911,0.0274585037009488,0.938160259708736
"784",0.989976625398343,0.995705350549442,0.9583782634081,0.08344798804583,0.226046280934868,0.0831820697519412,0.209010901430247,0.480756423743957
"785",0.668261254877827,0.777925069106368,0.655289750823223,0.000656716216122624,0.158535833601949,0.00069594454508032,0.0882749117629129,0.684108981692201
"786",0.500880642618284,0.580631706058588,0.380896151268945,0.0327356751877838,0.0823452803145681,0.0345879172702337,0.0684416895326521,0.851916782948774
"787",0.33237888054536,0.46184791401584,0.278334985976284,0.000306570303988556,0.12042699508174,0.000309153219975996,0.0516369336260289,0.413134382434088
"788",0.0781429192742749,0.352062737276843,0.054740574608071,0.42763730755178,0.527706261986284,0.424586723625395,0.548879769475431,0.643507714615038
"789",0.246790728418238,0.39790540796529,0.255560831991218,0.279707812107984,0.512246139009068,0.279667244492064,0.475621689276765,0.74654213624372
"790",0.351825655029552,0.579377128704914,0.468443724049752,0.184957769212014,0.332697587228738,0.188071705067127,0.521643555974665,0.366076496573839
"791",0.0549696929814427,0.103142553779836,0.022956478100913,0.847417753700371,0.847411699574514,0.847436798939784,0.849123958956274,0.869604917185867
"792",0.351221148086847,0.43450699473674,0.413318373323616,0.468906573074863,0.765489746365333,0.470359327708513,0.577930605958164,0.352917590294061
"793",0.165214831123021,0.228732047975454,0.230899972608953,0.963995548436399,0.965269224894308,0.963930055119842,0.971789436730892,0.827868824894918
"794",0.102857076242534,0.338135365629653,0.0643205768718791,0.316338093654257,0.625905336233221,0.317028026546344,0.536896917427559,0.558885937163616
"795",0.981786300779047,0.99999611344487,0.940837380676737,2.64887709746341e-23,0.0370494251275688,3.45792562854425e-23,0.0266420846584879,0.685045261267275
"796",0.370957739567702,0.434677866243099,0.640219949015457,0.0086630079852887,0.0683840467781217,0.00859787093588389,0.0777752662211234,0.919952311361607
"797",0.175567848432906,0.33361755677537,0.139987103089344,0.385777822467505,0.63049444036344,0.384951338806792,0.563317218425548,0.918923166857901
"798",0.70714918534881,0.791570904644114,0.577450097405027,0.105835834737372,0.104391875389149,0.104655934526841,0.0721294798473038,0.922937948145945
"799",0.474146079486841,0.557041205652462,0.515146855087952,0.346263729562875,0.449374421784875,0.345862102130544,0.41060623209788,0.950795237532238
"800",0.951636781122548,0.964794745035109,0.952133735456583,0.0366125166835402,0.0446106957501494,0.0364168040304799,0.0507249847309603,0.840218279206915
"801",0.845310808751206,0.908814942945422,0.902123868053283,0.00627160400553556,0.0294190905025936,0.00636020533583153,0.0316420672250793,0.903588648145883
"802",0.365785262726351,0.593147295983677,0.298970703440291,0.000707616521971935,0.00328920921182086,0.000744744794236675,0.00449005888386695,0.452581594133618
"803",0.551295450054266,0.633909817202868,0.324953325137195,0.25696764314526,0.360203521318254,0.256061078739646,0.436396992786414,0.912485993423713
"804",0.579322027288812,0.998865557375459,0.367430647538164,6.0103971796781e-15,0.0596259275887314,7.69462025713548e-15,0.0558250357701917,0.627156972307935
"805",0.520444873881244,0.590430476868688,0.357506032524893,0.0228628221675932,0.122453977295905,0.0236759200536826,0.0696887938349589,0.560104470125725
"806",0.392567491028651,0.662108878174279,0.356069685624533,0.0242238671534781,0.0336415929433328,0.0239740506744668,0.0335686416918187,0.680283153253393
"807",0.66338943095284,0.810795548181179,0.759279732947751,1.07886521800467e-05,0.0105686286305844,1.19198850058181e-05,0.00886537972148433,0.424694044394714
"808",0.269152161532263,0.424462464426827,0.317162249476232,4.72757687820342e-05,0.00686496793002156,4.69245881712479e-05,0.0119762495679271,0.854110520719848
"809",0.261431972664065,0.311832513893405,0.388355439658273,0.903840089191057,0.933473679525616,0.903777607057182,0.944306323581481,0.992137452592568
"810",0.222859900838509,0.286414913820057,0.33764281258588,0.823450962763186,0.823009472570296,0.823198109954206,0.826043439812269,0.781195766066284
"811",0.700356164532746,0.796467651393277,0.749465166766436,0.0374133259313046,0.187365460563913,0.0367398526627349,0.155802579274471,0.608068003363833
"812",0.260938362132557,0.634453396706155,0.277881689354718,0.0388451445990475,0.12314282430229,0.0384989980584111,0.143951620150042,0.779021700111806
"813",0.339433567467705,0.419104246490134,0.310011301696686,0.00631324247809112,0.0340858972625286,0.00649954741826412,0.0295253843343432,0.319282319651994
"814",0.534025300677032,0.620148940135274,0.39691328595267,0.00831247799503737,0.0120728458406753,0.00825579404640412,0.0132636153984774,0.895425746908008
"815",0.0996247391313967,0.171192139743137,0.134949773172236,0.853318174708276,0.929719455613938,0.853974339349232,0.900260402975939,0.8881740816968
"816",0.770364784639598,0.841490056149752,0.692556065052596,0.0104200110095474,0.0644368419379561,0.0104632587544847,0.0571636449093846,0.546127390408767
"817",0.434045018406395,0.824803031870489,0.368957292735104,0.000145138412946625,0.278523791507218,0.00013587328139025,0.172291071083845,0.949975369329019
"818",0.0285717182593216,0.157351671835873,0.0245714175988746,0.781682346546021,0.900201289026344,0.78166535082246,0.873064437476224,0.863790417903089
"819",0.0407104423516691,0.10095154446857,0.0543719055396066,0.84599904750306,0.843746037903047,0.846101134250544,0.853063956483476,0.811056670865367
"820",0.352072039660495,0.417283342550241,0.285244954273033,0.0132223520432565,0.0363442658960889,0.0134500634249653,0.0391639458315857,0.952352728867644
"821",0.439254761690366,0.53158556156966,0.329993549626773,0.293962658483254,0.569370502979351,0.293980119153598,0.535998041082103,0.61683901794344
"822",0.737629262515447,0.817408671207323,0.747716018495414,0.0150533607884977,0.0918616172317261,0.0148141217842208,0.0790764587093881,0.537278372254963
"823",0.974228368490133,0.977702253979357,0.910701453988226,0.0556927116465196,0.0939421861588951,0.0553144744826193,0.106436735148197,0.619601020530189
"824",0.201484580233334,0.314139622029472,0.275484776251262,0.505846082360907,0.936938080611884,0.504259643793577,0.682476116975532,0.494198900046685
"825",0.667378405051428,0.745440115111776,0.6094901114505,0.0104199943502617,0.0103599754964978,0.010402247717033,0.00247134911866381,0.492539981822401
"826",0.119804399070127,0.164883591251904,0.105659333898408,0.922590718163898,0.922812347658527,0.922592136210146,0.9115042664489,0.609678315259506
"827",0.431862309136089,0.836747778733504,0.4067320783282,1.92052182759989e-06,0.0129402531464872,1.62634243748829e-06,0.0153363968051394,0.903222043284734
"828",0.0167571897283408,0.0480166715704294,0.0195117425560538,0.474527037520822,0.61605925231104,0.474752570401858,0.627954121242193,0.752158048344472
"829",0.0939911909413666,0.143712640612518,0.353330429405248,0.701623210796264,0.820124226753832,0.701702484293232,0.72660726631025,0.907338618042975
"830",0.747726321756126,0.846222020301805,0.648819773539143,0.0556676948159736,0.0556444792725665,0.0558176024504986,0.053817217811685,0.81259036493424
"831",0.0164418182858899,0.0319726267127761,0.00742595974893218,0.34929653261078,0.388008282031275,0.349908792169964,0.370196297761068,0.723774328065822
"832",0.344232108638721,0.554416657454228,0.229987697192461,1.66378553899688e-05,0.0825615291759218,1.51497185346149e-05,0.0511711855261986,0.853790230498704
"833",0.802109797994365,0.98184375781939,0.849143641156977,8.17609952655086e-08,0.0235241180061315,7.46593094106475e-08,0.0367355257619449,0.900879287456552
"834",0.15216895609132,0.19865679783894,0.306036054606955,0.000364224953966805,0.00169249232596591,0.000393595981615335,0.0015654651663532,0.876235882218516
"835",0.587723560852135,0.694016399617747,0.548542262280791,0.0917352175292615,0.444021669606485,0.0923790719825363,0.294125898236242,0.526574636693734
"836",0.894366473283107,0.910980948137123,0.881978715836766,0.064522098735963,0.3014007952619,0.0650747050564279,0.284233835524887,0.846941482396426
"837",0.161881920545159,0.645153318023817,0.12203902192806,1.05476713829292e-14,0.038314719439365,1.42164329168251e-14,0.0180187552151939,0.865213508193086
"838",0.81256517382374,0.92314144612832,0.836373352581438,0.000190343248528466,0.0752072542036859,0.000183868815808182,0.104808703085064,0.740451476376144
"839",0.702223821657945,0.793314598119966,0.717770421076573,0.0043216115124433,0.0876049802190191,0.00444909980207116,0.0513261509993713,0.805205965986539
"840",0.381250451451646,0.679382217080772,0.333482651159556,0.0513468042337282,0.258883773152022,0.051252415717578,0.217159514835991,0.709726573026664
"841",0.1427464986939,0.218560968000913,0.0950672092075017,0.912122456026124,0.923696068262002,0.912286094084085,0.923110543744055,0.418329599427263
"842",0.486050717857605,0.685577118360556,0.580991672848594,0.00120353241521682,0.00114005753861388,0.00115547003175455,0.000836715372736563,0.992219708247307
"843",0.220208434862535,0.611513697745767,0.156016267659826,0.0431510824207191,0.157265371905587,0.0414145244217391,0.215922000910068,0.943801458600199
"844",0.647916485515657,0.691856641336939,0.417540863714237,0.224803103592768,0.227567177338719,0.223809799368857,0.27417712090518,0.954339373871028
"845",0.37387798799916,0.42492609699883,0.286025165229204,0.607800630227999,0.754412490805542,0.607532113201076,0.754911675569396,0.610866439570132
"846",0.714755569622241,0.809759044451898,0.706675529545598,0.01105834150632,0.247991729786783,0.0110499974495257,0.158325570491579,0.840158516666959
"847",0.10305255224904,0.189153201824446,0.24584237534777,0.908157672367475,0.908255241040416,0.908365976251499,0.896640328552663,0.447552378956463
"848",0.334392192178841,0.608121133270099,0.393860919824147,0.0771050800793156,0.234948398233114,0.076544026580001,0.26153648745881,0.77879131921639
"849",0.373523105786843,0.611561397127257,0.524616535477318,0.196895224522879,0.284944511696531,0.197430547227935,0.345119842668654,0.849691283231394
"850",0.0621726147037189,0.581351912885474,0.0558702760076521,0.0315020012459136,0.413947228956113,0.0312725153583887,0.440786915480454,0.822796338129433
"851",0.503976129126278,0.757271517064009,0.455693195341547,4.68435784911853e-05,0.0664395753398587,4.63622922029011e-05,0.0522251168484097,0.544244929973573
"852",0.239991898717128,0.325503334991148,0.236888339130044,0.640546798792129,0.726079454884124,0.641863698912967,0.685655098465961,0.643238660963389
"853",0.778461752134081,0.871199961661581,0.870667464908183,2.44713510523481e-05,0.189050722221168,2.61686472101647e-05,0.0890410981707861,0.950400671701179
"854",0.941840980736249,0.973080209495165,0.998798333583631,0.0227709491178468,0.0829587194758444,0.0224649452742418,0.0777271002409635,0.6397352127996
"855",0.173363640019688,0.396906956971304,0.110747855307972,0.218135422814595,0.54164595724181,0.215987935398121,0.562384644447086,0.661248336322393
"856",0.443327785073728,0.671373130741496,0.345169402611838,0.0987327316772085,0.0979915020659137,0.0979528795134868,0.0557064547364773,0.898525291417168
"857",0.00470512471124,0.0179021890147923,0.00726755307753887,0.193726056640811,0.391814023643308,0.195804368614519,0.340113291629655,0.997937395301959
"858",0.305067373314221,0.670839451847168,0.297554260012794,0.00819738937789978,0.148806286720125,0.00771629519283075,0.170935076614549,0.85233178473319
"859",0.511870082311997,0.6808216736049,0.685059259270382,0.000910246240272221,0.0679137857975917,0.00092549443520151,0.0569787852192578,0.648639636197773
"860",0.983352835033127,0.989112845776713,0.908215034627401,0.0852445111077161,0.221899251513696,0.0845552891449611,0.221712759435576,0.79306731844542
"861",0.608648983067092,0.664255476574228,0.479843652600554,0.0276569257017526,0.0271985997648454,0.0271895826618191,0.0247599630249645,0.676476130463812
"862",0.938735444726193,0.975544941493834,0.932824150324702,9.40131030105161e-05,0.123558394878939,0.000105704081586438,0.130000328329192,0.696893618538483
"863",0.833676109010119,0.892120447465017,0.721126796384616,0.0337884055007752,0.102703398561089,0.0331875783643562,0.0955794269196613,0.735578771931579
"864",0.842345121378148,0.884163623537278,0.837613707248948,0.0919901340414542,0.14102334355219,0.0924423298328993,0.128718245546521,0.671468212412106
"865",0.695956311818024,0.767461401753316,0.763542742309662,0.00839195903129604,0.00826591873958228,0.00831836281212878,0.00963272286672254,0.300910136996707
"866",0.761595157585145,0.998979466359238,0.816988867959631,1.25822728230593e-16,0.0349824104241262,1.25969799079572e-16,0.0186739780336331,0.966559983521581
"867",0.473652576087622,0.552797144576676,0.581523550880344,0.0039791571294413,0.140251285087811,0.00395216308519489,0.11594338929372,0.219107067011382
"868",0.222676179112575,0.317204596373782,0.171251533112477,0.637605856836475,0.637137816313734,0.637488510011187,0.59041281003787,0.731251809298382
"869",0.966697252447607,0.982838210822818,0.904393290392733,0.00646484797530707,0.241129538239681,0.00635766965146928,0.157434902517792,0.623135810736282
"870",0.498081408154097,0.584161937637032,0.778613621641356,0.328541080789136,0.45289941832778,0.326844324566148,0.550247851098642,0.987823010052791
"871",0.528951899007586,0.739123090817358,0.524173705063617,0.079904296660747,0.108653739997053,0.079317891716147,0.137740351424815,0.433102390375476
"872",0.119117384097498,0.306409956042955,0.123943076053433,0.360690116931013,0.360122042280612,0.359275009664635,0.309403996388372,0.788611907719433
"873",0.388351333201506,0.456387331752315,0.162019766616581,0.00748375743012519,0.119658448333374,0.00784428886834533,0.0890761281927855,0.616771486012209
"874",0.0217906771297195,0.957046253871242,0.0294631424900101,1.68319106194814e-36,0.014932585607089,3.75823704126527e-36,0.00765424273176594,0.718330861643166
"875",0.327986267363386,0.413944904076785,0.149848821073945,0.464740275457465,0.629753644938788,0.463001973316781,0.690308826565283,0.845439988115774
"876",0.89972302889432,0.944501045466539,0.835896337699532,0.0262170180578187,0.0910336662072721,0.0267641883982154,0.0620714769634939,0.876505606693968
"877",0.836812544145242,0.900696184029168,0.906119927143046,0.00409405138233137,0.039253674359898,0.00403243901913164,0.0349934369692335,0.340982889474113
"878",0.802506563248887,0.895860587589042,0.781638582861758,0.00399342570557574,0.0456807728047769,0.00383632800410767,0.0513097550958777,0.743941814207442
"879",0.439850883619507,0.594650821571007,0.46756573249806,0.155853865004593,0.41298509648435,0.156018742204876,0.486320402687831,0.694580666389254
"880",0.338000399478956,0.468037661863468,0.295351116001428,0.306276759528038,0.304229718225434,0.304512850482389,0.299514536639817,0.713045068378362
"881",0.517089540893341,0.602454327546293,0.397851394194365,0.301441079689278,0.412554787549405,0.299705802342184,0.451974715529656,0.29963000925532
"882",0.0584876796524562,0.123753544210564,0.0544024329761841,3.20159595580998e-05,0.00317844777657718,3.79049415644172e-05,0.00160131362062378,0.90333548692517
"883",0.975381501879807,0.992670731787231,0.908845949049203,0.00755160825497023,0.081297617412756,0.00741518452871865,0.0621737941860267,0.775860257774044
"884",0.356263979661123,0.578856943495896,0.320786866960973,0.00134086442005532,0.0264803149360704,0.00138412065950257,0.0199994970450594,0.542324531529464
"885",0.469379289672564,0.538092799675565,0.621363047586118,0.0106767688085755,0.0962840819375499,0.0106170207594842,0.0755959438297059,0.991414158024232
"886",0.07106579665337,0.519459254621905,0.0584724848270764,1.25566835462833e-11,0.00186327032346284,1.44941681055676e-11,0.00160775572167973,0.899222321404781
"887",0.541933989154221,0.669233573924751,0.413642936791413,0.163204752757812,0.221970021990891,0.161484587733529,0.218734668407455,0.824684566533935
"888",0.00946847484380046,0.0164143638039989,0.0110010522945598,0.026594819238809,0.193072502385012,0.0285538776737955,0.138960672596756,0.941026907004002
"889",0.0446103541462932,0.308617923368395,0.0367173994232368,0.199993308314317,0.389263339769324,0.198591111246974,0.352834668679457,0.862577956284834
"890",0.108237746606294,0.307365887235419,0.0731534843907284,7.48313794448076e-06,0.00147729162584805,7.94224983013032e-06,0.00217890556273311,0.665079153009914
"891",0.863745869516443,0.884118996386445,0.991240613616302,0.0598617659874856,0.137623213839836,0.0606749598130388,0.183124171763673,0.946384740650252
"892",0.687495958110194,0.761508825392726,0.721037742325999,0.123887806367295,0.376395326932954,0.122349633450228,0.295960448224808,0.611191102800048
"893",0.716588230405809,0.783046711488045,0.82111462476755,0.104636753349822,0.207571835289015,0.103310110327677,0.174815403793622,0.897665831376764
"894",0.0184805567323907,0.056063190140333,0.0124046111738915,0.41995484454998,0.592908406522524,0.420391898107954,0.58112804759502,0.788244616840963
"895",0.637577886021596,0.852324975675894,0.520988847114203,0.0160685879318666,0.119961093820714,0.0155497729287285,0.134332501413544,0.513215515053732
"896",0.1179482835986,0.240371860708363,0.168796663717949,2.08196332452624e-05,0.00288453765173528,2.21094729208293e-05,0.00571110043688137,0.839160026643101
"897",0.721592034282407,0.754513924548887,0.619497969056806,0.0641510997147734,0.575264889789668,0.0651074031881523,0.476536557115011,0.946677449697634
"898",0.865949784687896,0.907255339118335,0.975596635808568,0.0639144184571075,0.185248881233119,0.0629457797326412,0.260910894529638,0.605805537685288
"899",0.800397277265823,0.90731399066303,0.816897476472016,0.00345925928586228,0.0190883497111478,0.00347323043222817,0.0140150677905956,0.776713920055349
"900",0.7575194225646,0.806751578901209,0.89053541225616,0.0356096671573494,0.0817623793086447,0.0349971859581123,0.079504684744804,0.651605545229308
"901",0.503751975443612,0.590977972177683,0.421151975235243,0.244052873987705,0.495549437042639,0.244802730644842,0.387429547691498,0.944700574162738
"902",0.686135795535669,0.719028220060548,0.761887221688268,0.0581352937692949,0.317599604857296,0.0630455918289741,0.295336697432086,0.729740226962052
"903",0.381940510213404,0.591129410164136,0.292339061475205,0.0968055150650516,0.398790535067201,0.0966022608135542,0.379757950749422,0.921923121623371
"904",0.685049982757652,0.754151157369812,0.51116731028351,0.0306449050093824,0.115125711275309,0.0316638060362753,0.0840060706277932,0.577779569122803
"905",0.60690379399951,0.705003109940733,0.561668113095108,0.00359464423355916,0.15363417993207,0.00360307051134204,0.108132129403294,0.718284779778686
"906",0.173164555553889,0.230055871228799,0.434662925743626,0.952692283025342,0.898111428172768,0.952811428499663,0.958620990149577,0.959467402752365
"907",0.126196899480664,0.319778073971516,0.117706835840233,0.242057978574781,0.642255497998186,0.239662490519656,0.58119705312018,0.544099793069443
"908",0.916730124384905,0.974658706295597,0.811530719931871,0.00616363836738722,0.0221333657383972,0.00579560661712697,0.0414530883486428,0.915498979567923
"909",0.221792233554733,0.400763573185375,0.176929346674584,0.327212381202477,0.396738137078289,0.32729577475139,0.363749326423528,0.698866377790777
"910",0.149417046328053,0.99980751120981,0.107724002354019,2.81202127831622e-35,0.00675057197748211,2.20037888411236e-35,0.0024889981456804,0.934013598082989
"911",0.751256283878283,0.815688313475841,0.713122446745196,0.0828109584894341,0.271554053432006,0.0819451436608746,0.23121500125168,0.313905417655044
"912",0.900093773394884,0.923181311127599,0.382021062553183,0.0335098073248033,0.136461406087844,0.0349174352318976,0.179655206129078,0.702334773549245
"913",0.866808790827117,0.915196371405756,0.904987598978079,0.0158912346445074,0.0892740453727117,0.0161541830672571,0.081422424928915,0.733718284275013
"914",0.665479201253861,0.846192402439118,0.556064809844741,0.000929303123078081,0.0343364881123628,0.000990979146020783,0.0211654948211095,0.969423270959748
"915",0.151357197460622,0.264313573129983,0.133718425097916,0.75579062255101,0.761218612058374,0.755431219684044,0.776871600714165,0.519055654629492
"916",0.757781658553597,0.912828471509706,0.691541074277137,7.35772424733101e-08,0.167674588915551,7.07140464413279e-08,0.102483387926226,0.759764746773138
"917",0.0618860891230457,0.0870516529840063,0.0514954257750877,0.220234942594953,0.426220554802803,0.222883863413445,0.510317679980733,0.882987860826137
"918",0.6138571844106,0.940471948702649,0.509234270905817,2.88380061380673e-13,0.073289691479798,3.19191405970552e-13,0.0291060966165901,0.971683886684868
"919",0.688388479776763,0.821475617566763,0.639359512991391,0.0168598494723254,0.037806060500728,0.0168128040397756,0.0304088379883274,0.702430249689773
"920",0.0254017842126021,0.14720320322941,0.0438539536117018,0.776797092144375,0.941106191699301,0.776728320834244,0.833912628184708,0.283050472430524
"921",0.137230786670296,0.23088426759635,0.188056769073467,0.000114120001339096,0.00852367419573778,0.00011970501354322,0.00665907789059499,0.483099288307898
"922",0.100559320813652,0.192371277111878,0.171935462283529,0.977762966174934,0.925456129811874,0.977724990975058,0.981237124190435,0.609283522844618
"923",0.187114573480445,0.981940252362112,0.182529847110586,1.39425560389862e-13,0.0176035156825296,9.8744695133276e-14,0.0207262900979046,0.741906887306322
"924",0.522734998939594,0.65177264103646,0.607244846778642,0.13995835559087,0.330257947604311,0.139425024376621,0.329256473038787,0.745942843432022
"925",0.514041142231167,0.89023861766322,0.522721178144248,6.11664369096914e-07,0.00901883183248914,5.75827617655836e-07,0.0099408616314189,0.890000391312653
"926",0.996799697824286,0.995542674024214,0.974368603574247,5.62410809662623e-06,0.223125471415128,5.71320677522259e-06,0.118102252149397,0.81069502205188
"927",0.137267136851555,0.933776546907473,0.118079522475049,2.89449773201316e-28,0.0310509539209806,4.92545975498012e-28,0.0133757848009146,0.870089756473574
"928",0.95985298991049,0.987361232533082,0.83403458096906,0.000208547527051344,0.098083380161799,0.000202650104004444,0.0756818621740217,0.710675905133459
"929",0.139783376525672,0.302992486766915,0.130477777338076,0.000136715029683916,0.00934335347579328,0.000135676011032466,0.00915239199296164,0.914734144717267
"930",0.16123975578784,0.935849741670433,0.105718581742967,2.90529775345519e-36,0.0201263295863443,5.38770131103624e-36,0.00710034777852313,0.792486471693869
"931",0.881910443308636,0.945263064095208,0.887068442294597,0.00119922821411735,0.0817570649922973,0.00117431650460905,0.0684471527283535,0.546755164633198
"932",0.319288681067243,0.417948984312757,0.556859801393035,0.00401962896931982,0.033774101068026,0.00404157945034895,0.0242848080213095,0.916078528130914
"933",0.845094328131658,0.876788344335137,0.742738314074957,0.111754349434788,0.18176801042855,0.110911896542827,0.185418651018566,0.306544160770099
"934",0.197035597944401,0.43735616974729,0.165140196229741,1.96500606815642e-05,0.00252284843047176,1.92050858956887e-05,0.00141319850097395,0.853102656687678
"935",0.32692981893193,0.463044418685635,0.23454332896254,0.369408587190045,0.367241294720062,0.369674308245987,0.358334387461498,0.77381249239193
"936",0.433470773909121,0.553595503363707,0.376864594747517,0.253637956690488,0.255713789358236,0.254127432684824,0.269805466449563,0.657954337813548
"937",0.945971727261326,0.981313853630329,0.907282736995349,0.000729619210176351,0.148551642484971,0.000691201101297196,0.132288061139242,0.897821094257056
"938",0.0980678567579519,0.160844608733249,0.0822071579064803,0.767403350384556,0.903464801691681,0.767277409468013,0.82398323631302,0.638519891934938
"939",0.233625558156783,0.30792853119989,0.237615096747657,0.779414460874827,0.719631595766063,0.779364525367905,0.81296920349655,0.969503399851377
"940",0.916112296169295,0.95934206494017,0.907089838694389,0.000246048928124675,0.129278243436756,0.000254978327391307,0.0803852692743321,0.66346875631297
"941",0.586736129539113,0.746740392784046,0.46340794406791,0.0810224158853436,0.10412775183039,0.0814403682693497,0.10817362469476,0.597272128430179
"942",0.300662693437989,0.833318638538551,0.269445576297449,1.12597471879189e-05,0.0582420363129573,9.33240141803788e-06,0.0284484221389212,0.738322429108856
"943",0.058538142277064,0.208525710314285,0.0565315969711586,0.800108694866612,0.767960194301417,0.799398754679427,0.871626695511784,0.822522051061821
"944",0.325857990567338,0.476064127900571,0.415362366527979,0.000308227907158946,0.0643707841400868,0.000316243650200278,0.0474375689632706,0.575273365117086
"945",0.486484855815272,0.541099689309527,0.357958455375379,0.360713029784975,0.755734747928272,0.359321661569802,0.646669431322538,0.715499823782867
"946",0.567596699160116,0.728615087523965,0.505846739446422,0.000974038527747869,0.42515510141058,0.000977080599669009,0.270479846598519,0.582266038169596
"947",0.235600883354353,0.944045634086934,0.20637912019141,3.2200607984254e-18,0.026372725705133,6.15329940804275e-18,0.00945233132477289,0.993062218657411
"948",0.788855325579577,0.907066749407965,0.8091244517021,0.0180357476291971,0.0784583350134081,0.0175393322762143,0.129088595761376,0.808762791824735
"949",0.832250247047061,0.922384188004761,0.787360446408964,0.0036732047409192,0.124291408654786,0.00366913114926177,0.105990117192889,0.963601534135864
"950",0.429887170404762,0.572071039466062,0.296005224528472,0.23530101108643,0.234834801461343,0.2347566050146,0.151872992970731,0.756416790752562
"951",0.0717623680957097,0.10460311322564,0.124470662224011,0.669545004246311,0.598698333962157,0.669826947286077,0.764745465019918,0.779667125337201
"952",0.683846101668311,0.729793263443955,0.534817680902369,0.128419303859729,0.500396685284134,0.128407052765369,0.403550597867776,0.931256342840449
"953",0.0391769357998061,0.124106950786635,0.0525944687682312,9.0029444972008e-10,0.00229913101613249,1.68174713916107e-09,0.00175992329803673,0.892287731602319
"954",0.297992517435464,0.497479682553477,0.376752265397493,0.318944614219646,0.395367690911497,0.32063704307167,0.432723403475968,0.846111475672933
"955",0.419643725215129,0.76052330534868,0.381944152758395,0.0204333744463811,0.071580835734612,0.0196259668763332,0.116583160197576,0.131299474617148
"956",0.907973138473584,0.939743258971404,0.945252898376594,0.0563728290084488,0.196831071740875,0.0562024008535577,0.181083476888241,0.669022392282404
"957",0.42024739510634,0.662013082555998,0.482036508176106,0.00647733154641027,0.160700742800773,0.00669675564523923,0.118873083209608,0.527636101984529
"958",0.899740951212942,0.946487393843667,0.889206067757641,0.00948805516209916,0.0526509144131276,0.00943014426289318,0.0560816113040664,0.961053766439185
"959",0.403765249605725,0.6124113333132,0.363367859611173,0.106619365777037,0.32699702642582,0.106703486248263,0.632201736661389,0.759636274298717
"960",0.22274978084961,0.368759975485762,0.134475096618956,0.000815208991072103,0.000784803720873702,0.000806428587636884,0.00108802122374961,0.578572170554694
"961",0.144115247295638,0.21046248041802,0.0592341126795656,0.000386415832706475,0.00559559931374577,0.000405670581037888,0.00888640450725801,0.895323952093709
"962",0.948826849955923,0.996814602606035,0.875113861832182,3.32053987986281e-18,0.0868729223768338,8.36914786865181e-18,0.0390337348066715,0.937319641361475
"963",0.453246095038931,0.829136135722451,0.441961728852626,1.35586144275224e-07,0.0490731257603748,1.11587786052645e-07,0.0242216953608163,0.684403060732071
"964",0.0834909077786795,0.185262468739585,0.0741387816447857,1.64097286481359e-06,0.0230485156735333,1.8373422088185e-06,0.0104363194086993,0.792951000491759
"965",0.432239931994376,0.569080933818748,0.384582436470433,0.004491648770761,0.0183479190926243,0.00459644570545842,0.0320354276982199,0.709937089068874
"966",0.989945191495855,0.993835062615796,0.621052808615776,0.0601051690264613,0.0695339624433865,0.0596047882690783,0.0779924065002199,0.691923656055818
"967",0.438494951940808,0.653543995026508,0.363282329951833,2.55723887759378e-05,0.0898720192202716,3.1402509865183e-05,0.0587082287504252,0.673696439431819
"968",0.193002658157773,0.481546413174724,0.138001109091833,0.14267926527928,0.358289963022474,0.14184835094206,0.319895873362423,0.811911741774985
"969",0.152843540643654,0.760556875992294,0.151713480224069,0.000353301392124595,0.139929829555767,0.000331555988577422,0.139896666998923,0.51995588557453
"970",0.934156342376411,0.972997757603974,0.682060717748267,0.0543514873206968,0.315472431443337,0.0535288828481029,0.262413521508835,0.614222761977763
"971",0.579725150878743,0.660456204744092,0.558009249665275,0.198100558453368,0.197750819262934,0.197554254850098,0.171802944254191,0.663518593864976
"972",0.399733875231277,0.43138680502063,0.276566046026769,0.592230852354216,0.591309582909414,0.591376876334945,0.586524898973953,0.419725791572767
"973",0.148508539078068,0.372537518048703,0.0931689909136983,0.316587643809357,0.490978558920654,0.314333543105491,0.489077750050709,0.876478337469507
"974",0.861936170929307,0.900246189885579,0.963101090875091,0.0675058021393237,0.0663994577589748,0.0663767033341255,0.0685959404380775,0.578477519922448
"975",0.764135887233149,0.819326455684023,0.725162853189271,0.104389489603582,0.154945163153729,0.103195588667916,0.272213047313779,0.578618034496739
"976",0.267052871771348,0.444326162536489,0.215208070426461,5.36889200028899e-06,0.0824470274899721,5.51687257835936e-06,0.046690249935459,0.990342057824328
"977",0.12134287350651,0.183880917819164,0.123328014005596,0.943321900864936,0.94357623895868,0.943424427036304,0.940248654545847,0.978774363236922
"978",0.35715146621058,0.999579825731206,0.384729622706751,9.8780731527441e-22,0.0233307273059472,1.01904803206025e-21,0.0148123779495302,0.593805991071974
"979",0.791776632163095,0.874574835308316,0.635507184365437,0.00277483607143875,0.0088791095704006,0.00278205869558062,0.00977616877688813,0.631463836877297
"980",0.910454818828313,0.930357326403533,0.815402876332461,0.0482203389809243,0.0771080188747057,0.0481229150359119,0.0812365012837583,0.58558760826785
"981",0.764749065339604,0.802785516772495,0.892748074527692,0.20037561381261,0.338828427276216,0.200988268861167,0.383069065333766,0.564948358960897
"982",0.116594149568848,0.23551250919401,0.11578451083708,0.709077284861389,0.757189826024384,0.710242992574005,0.776555402198327,0.82238677318074
"983",0.0101797430297336,0.0286634318598224,0.00731666298316794,0.308087091954295,0.417015868529076,0.310226135074877,0.386868919711758,0.985097089939355
"984",0.0374053667371132,0.0633990517321259,0.0697476315104023,0.473374333153556,0.513882788531556,0.474785068426574,0.506746428269206,0.809952407453217
"985",0.168852506599473,0.99737952509694,0.154616451742619,2.99803109582411e-16,0.0806177503729229,3.96512327666253e-16,0.0394790254242947,0.907553235994172
"986",0.0239826035068875,0.110261681194804,0.0123076269672054,0.939318917505846,0.939406398328352,0.939677675221012,0.938955557957821,0.810368820620642
"987",0.17505266645683,0.231125737501322,0.118975014246856,0.841326759323739,0.841201957963105,0.841177353615723,0.798051836402098,0.817854563483373
"988",0.535624571064829,0.698855226087381,0.559797966281768,0.00260543018213994,0.033421670915487,0.0025223221596957,0.0304639795459429,0.964276343356875
"989",0.357877569961252,0.456334202085163,0.580409688872277,0.453451124416423,0.507730173535472,0.455472447007629,0.477893296589829,0.771767283716508
"990",0.320849854445005,0.451053450307771,0.441701651429753,0.371770427700736,0.477625631167467,0.370697138038545,0.496205121635335,0.978239270369719
"991",0.383125359303526,0.456409901340085,0.25106495007585,0.403247258693693,0.761943504013769,0.402621986080455,0.645873441830092,0.598895090764425
"992",0.566140031547803,0.670368239445077,0.680079234041773,0.0102230222271744,0.00992618408651959,0.0100200889965839,0.00561740328335902,0.745243429589977
"993",0.41119527124931,0.56824786003316,0.438534659520527,0.171900135582443,0.578995122429821,0.171862786961438,0.43280347810984,0.892185419077143
"994",0.712980267676632,0.812170128781797,0.754584283821724,0.0040430148146675,0.00387621147518569,0.00390575166815122,0.00374982004737732,0.674410008447232
"995",0.308686014763371,0.445566895730453,0.274031602062661,0.399542557341469,0.503784273379494,0.397932553675619,0.53170033485262,0.803875679714707
